1000
8
1 0 6 8 3 2 0 9 
10
6 6 10 5 8 7 1 5 9 4 
4
7 1 1 4 
34
1 5 5 0 8 5 0 0 6 9 8 8 7 2 7 0 9 1 10 7 4 7 7 8 6 4 8 0 0 1 6 2 4 5 
23
8 5 8 10 7 7 8 8 2 2 9 3 5 4 3 2 1 5 1 2 0 5 4 
18
7 6 7 1 10 5 3 8 0 9 1 4 1 2 4 0 1 0 
29
4 9 9 2 4 1 4 0 8 0 1 3 2 8 3 8 0 0 5 0 0 0 6 5 0 7 3 6 2 
3
9 8 10 
13
1 9 3 2 1 2 6 1 4 0 10 10 8 
49
2 3 6 8 9 7 4 10 1 3 9 4 1 7 8 7 5 10 2 5 4 9 4 1 8 7 0 5 10 1 10 2 4 0 2 6 8 2 6 5 6 2 8 5 4 1 2 7 4 
46
2 7 2 2 9 1 10 1 4 6 2 6 6 4 3 4 2 6 4 10 0 1 4 7 4 6 4 9 8 4 9 1 3 8 7 1 5 2 6 7 6 2 4 8 2 3 
50
7 7 5 3 2 6 9 0 3 10 6 6 4 5 1 1 7 5 9 10 3 8 6 8 7 1 4 8 4 0 6 4 3 5 6 2 0 6 0 8 0 9 6 6 0 1 0 8 1 2 
27
3 0 7 5 8 1 10 3 8 0 7 3 10 9 9 6 4 1 10 7 1 4 10 0 2 1 4 
48
6 10 9 8 7 10 4 6 10 4 1 0 1 6 3 6 3 6 0 2 4 4 2 8 9 3 5 3 0 2 6 9 5 6 7 5 2 5 2 6 3 9 8 10 9 8 6 10 
7
6 4 9 8 4 8 3 
1
6 
31
7 3 7 3 5 8 5 10 7 2 8 1 5 9 9 5 7 7 4 5 10 10 9 3 5 0 1 5 4 2 10 
27
10 3 5 6 0 6 3 1 1 2 0 3 0 0 3 10 4 2 7 6 7 3 5 6 6 1 6 
25
5 10 4 4 3 4 0 4 4 2 3 0 8 0 9 3 1 9 6 1 2 0 10 10 5 
49
10 3 0 1 10 9 9 6 7 2 6 8 2 3 7 2 4 6 7 7 9 8 0 5 3 1 4 6 4 1 5 6 8 9 3 7 7 10 3 6 8 5 0 7 6 6 8 3 0 
43
8 5 1 10 5 9 10 5 9 4 6 8 1 4 2 7 2 3 8 7 6 4 0 1 8 1 9 8 1 8 10 2 6 3 5 3 0 7 5 5 9 5 2 
35
4 9 4 1 6 3 10 2 1 5 9 0 3 9 7 9 6 1 9 5 7 10 7 5 1 0 2 2 1 2 10 9 8 0 8 
44
9 2 6 1 3 9 7 5 6 1 2 10 10 0 5 2 6 2 1 9 0 8 0 8 6 7 1 4 1 2 10 6 0 8 9 8 2 2 7 3 7 6 1 1 
40
3 6 3 9 8 6 5 5 1 3 6 7 2 1 4 4 5 8 0 9 8 0 1 6 9 5 2 2 7 5 9 8 2 8 3 3 1 10 1 5 
6
8 9 3 2 5 0 
28
6 2 7 6 1 9 7 10 9 5 3 8 10 7 0 2 2 10 6 10 4 6 4 3 1 0 5 6 
50
9 3 1 1 10 7 2 2 7 5 10 7 9 6 8 5 3 8 1 3 10 3 3 4 6 0 8 3 1 9 1 8 10 3 5 3 9 7 8 8 1 5 8 8 1 6 6 8 9 9 
13
0 0 6 2 0 2 0 9 2 7 10 10 1 
2
9 1 
8
7 10 3 9 7 5 10 2 
22
7 10 7 10 5 0 6 4 7 7 5 0 3 2 3 4 3 5 3 9 1 9 
1
1 
42
7 6 10 10 4 2 4 10 0 8 6 8 8 8 3 4 8 6 9 6 2 9 6 8 10 5 9 7 1 7 6 2 2 5 9 10 6 1 9 6 7 8 
29
4 2 2 0 1 9 7 8 5 2 3 7 5 4 4 8 5 0 8 8 2 7 6 9 2 5 9 10 3 
36
4 6 8 6 1 6 7 0 2 7 2 4 8 8 1 7 9 7 7 4 0 7 6 8 2 0 5 0 6 5 6 6 7 2 1 4 
20
2 4 2 0 8 3 3 2 1 2 0 9 0 5 8 9 0 0 0 10 
50
1 7 0 9 5 1 7 3 6 0 2 10 8 8 1 0 3 7 5 3 6 5 1 10 10 4 6 5 8 8 7 2 8 8 5 10 5 7 6 6 8 5 0 7 7 9 10 3 0 1 
45
0 9 9 0 9 0 4 0 0 1 3 3 2 6 7 10 6 10 4 1 5 6 2 3 6 7 1 1 6 9 9 4 1 1 9 9 2 7 3 6 0 3 7 5 10 
41
5 0 1 1 0 10 7 3 9 5 5 10 8 5 9 2 8 5 5 8 0 5 9 0 7 7 10 9 0 6 3 10 0 4 1 9 10 8 6 8 10 
24
2 6 5 7 8 3 5 4 3 1 8 6 6 3 0 6 0 7 1 10 7 5 6 7 
6
9 8 5 0 5 7 
41
10 1 1 6 4 3 5 9 5 8 5 7 0 9 8 0 5 4 6 5 5 5 3 3 6 5 10 8 10 2 7 7 2 0 4 10 1 8 0 6 4 
43
0 4 0 8 4 6 8 7 8 10 2 2 8 8 5 9 9 1 2 3 0 0 9 0 10 6 3 1 4 7 7 8 2 3 9 8 2 9 2 8 4 0 0 
35
0 8 5 7 0 0 0 0 7 2 9 7 1 4 5 4 8 1 0 7 4 1 0 4 6 1 6 4 8 10 10 8 3 8 5 
45
5 6 5 5 7 5 7 10 6 5 5 0 0 9 9 9 4 2 10 3 6 7 5 7 1 7 10 2 6 2 3 0 7 1 5 7 8 0 6 10 5 6 3 4 5 
20
9 2 7 8 5 8 5 5 3 0 0 4 9 6 7 10 0 7 3 8 
29
2 3 8 9 3 4 8 3 9 6 4 2 6 2 5 8 3 9 8 5 2 8 5 3 4 9 6 6 7 
15
7 7 9 9 4 8 5 5 0 6 6 1 3 9 10 
39
10 9 3 10 5 5 0 0 0 8 1 0 5 0 7 7 8 3 2 4 0 5 3 10 0 4 7 8 4 5 1 3 10 6 10 0 0 9 7 
48
5 4 5 2 4 9 3 8 5 1 9 5 2 7 3 5 8 10 10 6 5 1 3 7 10 10 1 0 10 4 5 4 6 7 9 10 6 8 7 6 2 2 8 9 4 8 1 7 
22
4 6 2 9 4 0 3 8 6 0 3 6 2 3 5 1 5 1 1 5 3 0 
31
8 2 8 3 10 4 7 9 9 7 4 4 7 3 1 3 3 1 9 8 3 1 4 4 0 8 7 1 6 7 2 
46
2 6 10 1 5 4 3 10 0 9 10 7 10 10 0 7 5 10 5 9 3 9 0 2 1 10 2 4 4 10 0 0 9 9 3 10 0 2 1 6 2 7 4 1 10 8 
23
8 10 5 0 2 8 3 4 6 7 2 6 3 6 8 7 3 7 3 4 6 10 6 
16
5 6 8 8 9 1 9 9 10 1 6 8 10 6 4 2 
50
8 2 3 0 10 10 5 2 8 0 1 0 2 3 8 8 0 3 0 3 9 0 8 1 3 3 0 5 4 7 2 4 2 8 3 1 8 4 4 4 1 2 9 3 1 10 6 4 3 10 
16
6 8 4 8 6 10 9 5 0 8 10 10 3 8 4 7 
22
9 8 0 1 6 5 7 1 10 1 1 8 0 8 0 0 0 0 4 8 10 5 
8
6 4 0 1 2 2 7 4 
41
9 3 1 1 8 7 2 3 4 8 8 7 5 7 7 2 8 3 8 10 9 10 6 9 4 6 5 6 8 7 5 8 3 0 8 10 4 7 6 5 0 
31
3 3 2 7 6 7 9 3 10 0 6 8 4 5 1 10 5 10 1 1 3 3 4 3 8 8 1 7 8 3 2 
13
2 7 7 0 6 5 6 3 0 3 9 9 1 
30
5 8 7 4 9 1 10 1 5 3 7 10 1 3 10 8 0 0 1 3 4 7 5 8 8 5 8 3 9 10 
31
7 5 0 1 8 2 10 5 10 3 0 3 5 4 0 3 1 6 3 4 0 9 6 9 9 5 5 10 9 8 9 
21
7 3 9 7 10 9 1 7 4 5 0 8 8 1 6 10 9 5 4 7 1 
22
7 6 1 8 3 2 5 3 10 5 2 0 1 3 2 7 9 4 9 6 2 5 
18
3 7 8 7 6 8 2 4 7 0 2 1 4 7 3 7 1 7 
45
6 1 7 2 7 3 3 8 3 2 8 2 8 8 1 6 2 8 6 8 0 9 9 4 2 4 7 0 10 0 3 2 5 9 2 3 7 3 0 6 5 0 4 1 1 
48
2 9 1 8 1 9 1 4 5 4 0 7 8 3 4 7 7 3 6 8 1 9 4 6 2 1 2 5 8 3 6 4 7 5 2 5 2 10 9 4 2 7 5 2 3 1 3 4 
17
4 2 0 3 6 10 2 5 7 4 0 0 0 3 6 6 5 
11
0 4 8 10 7 2 9 4 2 8 10 
39
5 8 7 6 1 9 10 4 2 8 2 1 7 1 0 6 1 10 2 0 0 10 10 6 7 1 6 3 6 1 6 0 10 9 8 0 3 3 8 
43
1 5 7 3 0 4 9 9 3 4 2 2 3 7 5 8 7 7 8 10 3 10 1 9 4 4 1 1 8 3 10 3 0 4 10 5 3 3 6 4 9 5 7 
10
9 7 4 2 4 0 10 3 5 7 
2
10 4 
5
1 3 10 6 4 
17
2 9 0 7 3 9 2 10 8 8 10 0 2 4 8 3 7 
3
3 8 0 
25
5 4 6 8 3 5 10 8 2 1 0 8 3 7 0 0 6 2 7 7 0 4 1 1 2 
1
9 
14
9 5 6 9 5 10 2 7 3 7 4 4 2 10 
9
8 1 10 0 4 8 0 3 0 
10
6 9 3 4 5 6 0 6 8 1 
13
0 2 0 6 6 6 1 8 4 10 1 5 5 
49
4 2 2 7 6 4 3 8 10 4 8 2 7 2 10 9 6 10 9 0 3 2 6 8 0 4 6 3 7 4 4 5 3 4 3 4 4 1 3 7 7 10 2 5 7 7 1 1 4 
50
1 2 3 7 3 10 0 4 7 3 2 1 6 5 1 10 10 4 6 7 10 0 6 6 8 10 5 8 3 6 7 0 2 2 4 1 1 1 2 1 2 5 3 5 3 6 8 7 5 4 
38
5 9 4 3 8 8 9 1 3 2 3 1 8 3 2 9 2 0 9 1 8 4 4 10 7 6 6 7 3 1 0 6 1 5 3 7 2 10 
36
2 10 8 5 1 3 4 0 0 2 2 5 8 1 9 0 0 7 2 6 2 2 4 0 9 10 10 4 6 4 8 0 0 4 3 7 
35
1 5 3 8 8 9 3 2 5 1 10 0 5 6 3 10 9 10 3 1 6 0 8 1 6 3 4 10 7 7 5 6 6 6 7 
5
9 8 3 9 1 
44
7 5 0 2 7 2 10 6 6 3 9 3 5 9 3 5 4 1 4 8 8 6 5 10 6 3 4 3 9 0 7 0 6 4 8 0 9 3 10 0 7 5 5 3 
19
2 7 9 3 4 0 5 0 8 1 4 7 5 7 6 6 6 0 2 
20
4 1 1 5 9 9 3 4 5 1 10 3 0 5 10 9 4 3 1 0 
44
1 7 3 4 3 0 3 7 9 0 4 0 9 1 9 7 5 2 9 5 2 9 1 5 2 2 2 1 9 4 8 1 2 1 8 6 4 3 7 9 7 10 1 9 
24
1 8 8 3 3 1 2 9 0 4 4 7 0 2 5 5 0 4 4 6 6 8 9 10 
46
3 0 9 1 10 3 3 8 5 8 7 6 0 0 7 6 8 6 3 3 1 9 0 4 0 5 4 0 9 9 2 0 10 9 5 6 3 7 0 0 0 3 0 4 10 7 
22
8 1 5 8 9 0 5 8 4 4 1 8 4 8 6 7 6 6 10 4 7 1 
36
0 9 8 4 3 9 4 1 6 10 6 1 8 6 1 10 2 10 8 0 0 4 9 1 6 8 9 2 2 9 2 4 5 1 10 2 
32
9 10 8 5 1 2 10 2 4 6 5 7 9 5 0 9 2 0 6 7 8 2 8 3 2 8 4 10 8 6 9 0 
9
1 6 10 5 2 0 1 0 10 
28
4 9 3 7 0 4 2 7 5 5 6 2 5 5 3 8 4 2 1 3 6 7 0 6 2 4 9 1 
16
4 1 2 4 7 7 0 5 2 0 2 10 0 8 3 9 
34
6 2 5 3 5 7 0 4 3 2 1 4 1 0 5 3 7 1 0 3 9 7 4 3 0 4 8 4 9 3 4 3 6 3 
38
5 9 4 4 0 2 0 4 1 0 0 0 3 8 2 0 4 1 8 9 5 5 4 0 1 0 2 4 9 9 3 6 2 4 7 6 5 4 
21
4 8 9 9 3 7 2 5 6 4 7 7 8 10 3 3 6 9 0 8 10 
24
3 8 0 0 7 2 8 2 5 6 8 9 10 2 2 2 0 10 6 2 6 1 10 2 
29
1 3 2 3 3 8 2 6 1 7 5 0 9 5 0 8 0 4 10 8 10 4 2 1 0 3 1 4 0 
31
6 5 2 4 2 0 5 6 9 10 0 2 10 0 7 10 4 0 0 0 0 4 6 10 6 7 5 0 0 1 3 
15
0 2 0 0 2 6 7 10 3 1 3 8 4 5 7 
44
4 0 1 0 4 7 5 8 9 8 6 4 7 7 2 3 0 3 3 9 5 1 5 5 8 2 5 6 2 8 6 5 0 10 5 0 6 0 6 5 7 3 7 10 
50
7 3 1 3 0 9 0 1 5 7 7 9 9 5 1 0 10 9 9 9 0 6 10 9 0 4 2 5 1 7 10 6 10 9 5 5 5 8 3 1 6 8 8 4 10 4 7 5 3 4 
18
7 4 3 10 7 3 1 5 0 7 5 6 4 8 1 9 4 8 
19
6 10 3 3 5 7 2 10 9 4 6 3 1 10 7 2 6 7 10 
14
3 8 0 7 10 0 6 2 9 5 2 10 5 1 
45
1 8 6 6 5 9 7 8 5 7 8 0 9 3 3 8 9 8 10 8 5 10 3 8 6 0 0 10 9 10 4 7 2 3 4 5 5 10 6 6 0 10 0 9 4 
38
8 6 9 8 4 7 4 3 3 2 4 8 10 9 4 4 6 6 5 2 1 5 8 1 3 1 5 5 3 4 4 10 7 10 1 4 1 10 
8
2 6 4 10 0 4 2 3 
12
9 1 10 3 9 3 1 1 3 7 3 0 
4
9 10 0 1 
26
2 4 0 4 9 3 8 5 9 8 3 2 4 8 6 4 3 4 1 10 6 6 6 6 10 4 
20
9 5 7 1 1 6 3 4 10 9 5 8 10 1 4 6 9 9 7 2 
40
8 5 2 4 3 6 1 6 10 9 1 3 10 0 4 10 9 7 7 7 7 3 3 7 8 4 5 10 4 8 5 8 5 2 9 3 0 9 2 6 
36
4 6 2 6 9 8 1 1 6 6 8 2 4 0 9 3 3 3 4 4 1 10 8 8 1 5 9 0 5 2 8 7 6 6 9 5 
3
4 4 3 
3
7 4 5 
33
0 4 8 10 0 7 4 8 1 10 0 5 6 0 2 4 0 10 0 8 4 10 4 10 7 5 1 7 0 7 3 8 9 
18
4 3 2 2 8 6 9 5 4 7 5 2 6 0 6 5 3 0 
32
10 2 1 3 10 9 10 10 4 5 9 4 4 7 5 4 10 4 4 0 9 2 4 3 4 7 9 8 3 1 7 6 
49
6 3 2 10 5 3 4 9 10 2 2 9 1 1 3 6 5 4 4 8 1 2 10 7 9 6 7 4 3 1 7 8 9 5 8 10 9 1 3 3 8 8 0 4 0 9 6 2 9 
8
5 7 8 6 0 4 3 8 
6
3 4 5 5 10 3 
35
3 10 10 3 4 7 8 0 7 9 10 8 9 0 0 9 5 8 7 3 7 5 10 9 8 6 6 10 10 2 4 10 4 7 5 
9
3 6 6 0 4 7 2 9 8 
36
4 5 5 3 3 9 8 2 4 1 0 6 8 4 10 2 4 10 5 0 9 4 1 10 8 7 1 7 6 10 1 8 8 8 0 0 
49
9 3 1 9 0 2 6 7 9 7 6 3 9 6 1 0 5 10 5 6 0 5 9 0 0 2 4 4 0 6 7 4 9 10 9 2 3 4 10 8 7 1 1 1 7 1 6 9 4 
4
3 0 2 6 
20
0 0 5 8 10 8 4 7 6 5 10 1 7 4 6 1 2 10 6 5 
35
4 3 5 9 6 4 5 2 2 4 0 7 8 0 0 4 8 7 2 8 6 3 2 8 10 3 0 5 6 10 5 9 1 6 6 
37
5 2 1 3 7 5 1 3 3 2 3 4 5 0 2 4 2 6 1 5 7 1 1 3 4 2 1 10 4 2 10 7 4 6 8 3 10 
15
9 2 2 5 3 0 5 3 4 7 2 8 6 3 1 
24
3 8 1 0 6 3 4 6 6 5 8 10 9 7 5 0 3 2 3 6 6 8 10 10 
5
3 2 10 0 10 
33
6 0 10 7 9 5 1 2 4 2 5 2 6 0 0 7 5 8 1 10 4 3 8 6 6 3 0 6 4 3 7 1 7 
19
0 9 4 4 9 1 7 0 10 7 1 6 6 2 7 8 7 10 2 
15
10 6 4 4 0 8 1 9 3 0 5 7 3 3 6 
7
10 4 8 1 10 2 9 
8
2 7 7 4 8 3 8 7 
29
1 0 2 2 7 4 9 5 9 6 2 6 5 4 4 8 3 1 0 2 4 7 2 9 3 3 9 4 4 
34
0 0 3 4 2 8 0 8 2 5 0 3 0 7 2 4 5 2 4 6 6 4 10 8 3 2 0 6 6 5 1 2 7 8 
35
10 9 10 4 6 6 7 9 8 4 10 4 8 10 10 10 2 5 9 5 3 5 2 8 4 5 1 3 6 2 3 1 8 1 1 
24
4 1 10 7 5 9 9 3 8 4 4 3 10 4 1 8 6 9 6 2 4 3 3 8 
48
2 6 6 0 6 1 9 2 6 1 1 4 9 1 3 6 3 0 8 1 0 2 4 10 4 5 9 3 7 0 4 8 8 6 5 7 7 0 8 3 2 5 1 7 9 7 9 8 
24
4 10 10 4 0 10 3 4 10 8 6 2 9 0 7 7 0 9 8 8 10 8 5 2 
38
10 5 10 3 2 9 6 9 7 10 4 8 7 7 9 6 10 10 4 6 1 2 5 10 1 7 0 5 0 2 4 4 10 5 10 8 3 4 
30
9 4 1 3 1 6 0 2 8 4 5 9 1 3 5 1 6 5 5 0 7 6 4 5 2 8 7 3 10 9 
20
3 10 5 7 5 6 2 0 1 6 0 1 10 0 10 8 10 0 5 10 
13
0 0 10 1 5 1 3 6 2 1 2 1 4 
9
6 0 5 8 0 4 4 10 1 
23
7 2 3 1 9 6 8 9 2 6 9 2 3 6 3 0 4 4 2 3 6 1 9 
26
10 7 9 0 4 3 0 7 6 4 0 6 5 9 3 9 6 8 10 6 1 3 2 3 0 8 
49
8 6 6 8 9 4 4 1 1 2 5 1 7 7 8 7 5 7 4 1 9 8 1 1 6 0 10 9 5 8 3 8 5 4 7 8 9 5 8 6 2 5 9 8 3 9 5 4 4 
42
3 2 6 7 1 6 0 6 9 5 10 0 7 1 4 2 10 3 6 7 5 3 1 7 8 5 1 8 2 1 5 0 10 9 2 3 3 10 3 1 8 8 
4
0 5 4 0 
41
9 2 8 1 3 0 9 8 2 8 0 5 5 5 2 4 0 4 0 7 1 6 7 8 4 1 0 3 1 7 8 6 1 6 8 1 5 5 4 7 10 
7
5 3 0 4 7 7 4 
47
5 8 5 3 4 2 3 1 7 4 6 6 0 2 7 8 10 0 7 10 0 9 7 0 8 0 10 10 0 9 0 10 8 6 7 7 10 1 4 6 4 3 5 1 10 6 5 
40
6 8 7 5 1 5 5 8 4 1 10 10 3 10 8 1 5 0 9 10 5 6 7 6 5 3 6 8 9 6 3 5 5 0 6 0 6 4 2 1 
26
8 9 3 9 10 10 5 4 6 5 2 5 2 8 7 8 9 4 1 4 8 5 9 7 10 0 
31
5 1 0 6 0 4 6 6 3 6 4 8 3 2 10 3 7 3 7 8 8 10 7 4 0 3 9 10 1 5 5 
44
6 7 2 4 6 0 9 2 4 8 1 4 5 4 6 9 7 2 5 3 4 4 2 2 5 3 6 6 10 3 3 7 7 0 7 7 1 5 2 4 3 6 4 9 
16
8 9 4 8 1 3 1 8 6 10 7 5 4 9 7 9 
47
7 7 5 6 3 9 5 1 6 8 7 2 5 3 2 10 5 2 8 0 5 10 10 7 7 7 3 2 9 10 10 9 2 10 4 10 7 0 2 0 6 2 9 3 1 5 6 
47
4 8 2 1 4 10 8 7 10 5 2 1 9 1 5 6 8 1 10 0 2 8 1 1 3 10 10 7 9 9 3 7 7 6 2 10 2 3 4 0 5 2 2 8 7 10 9 
33
3 0 3 7 5 10 10 0 0 7 2 5 7 7 6 3 7 8 9 5 2 10 2 1 7 2 6 0 8 1 0 0 7 
49
3 10 1 1 9 1 10 1 6 6 1 7 10 0 3 5 9 4 0 0 3 9 3 5 2 3 2 0 3 0 5 0 0 7 8 2 10 4 2 10 3 8 3 6 5 5 6 8 9 
31
1 5 0 3 5 3 10 1 8 10 8 8 6 6 8 10 2 6 6 0 1 0 6 8 2 1 4 3 5 4 1 
44
9 9 1 9 8 7 1 4 9 4 7 1 6 1 1 2 5 2 4 9 2 5 6 9 2 5 0 4 8 8 5 2 2 1 9 5 8 4 3 2 5 6 6 8 
49
7 0 2 3 10 6 1 5 5 10 10 8 1 2 0 0 9 3 4 3 1 9 7 4 3 3 10 5 4 8 9 8 8 8 1 7 10 6 0 7 2 5 0 8 5 3 2 7 9 
9
5 4 3 10 9 2 9 4 8 
5
10 6 4 7 2 
45
5 5 2 7 4 3 3 6 3 9 3 9 0 0 1 1 8 9 9 2 4 2 8 4 2 1 6 4 5 3 7 1 7 7 2 8 8 3 0 7 2 4 10 5 2 
3
0 6 4 
7
6 10 3 5 8 0 2 
18
9 5 4 0 0 6 8 10 6 5 8 5 2 2 7 8 2 9 
34
4 0 4 2 1 10 10 6 5 0 5 4 3 8 8 1 5 6 9 5 4 8 5 6 7 7 1 2 5 0 2 8 8 5 
50
10 2 8 8 0 9 10 8 8 6 7 5 5 5 0 3 3 3 1 3 8 4 5 3 3 1 7 7 3 2 1 0 8 7 1 1 0 4 2 9 8 3 2 7 8 7 8 8 8 10 
46
4 3 6 8 6 6 10 6 8 4 1 6 7 0 7 9 10 4 4 5 4 3 4 5 10 8 10 1 7 3 2 2 10 2 5 5 4 9 1 1 2 10 8 5 9 10 
49
0 10 7 0 9 3 3 5 7 9 0 6 1 1 10 3 1 10 0 10 5 3 9 1 6 0 9 10 6 10 7 9 2 10 1 8 7 7 10 7 4 2 7 8 2 4 4 4 4 
13
7 2 3 1 7 10 7 0 8 5 6 9 4 
12
1 7 3 10 5 10 6 9 6 7 3 9 
5
1 9 3 7 2 
18
2 6 3 6 2 9 0 10 0 0 7 9 2 8 7 4 4 9 
28
4 8 7 3 4 1 9 10 2 8 7 6 4 1 10 8 8 0 7 7 3 2 7 2 0 9 10 7 
34
6 8 2 10 1 7 0 10 6 10 5 8 1 1 8 10 9 0 8 6 7 0 6 0 3 4 7 4 7 0 3 4 6 7 
4
5 7 0 1 
8
8 4 3 0 4 10 2 1 
43
8 2 6 10 7 8 8 6 9 5 7 4 9 7 9 2 4 9 0 10 10 5 7 6 5 0 2 9 1 7 4 10 1 4 6 6 1 1 10 2 9 4 9 
18
10 1 2 4 6 8 8 9 6 1 4 2 7 8 9 2 7 4 
12
3 10 8 1 7 2 5 9 8 4 4 2 
41
7 4 7 5 4 8 0 4 6 0 4 5 4 2 8 10 1 6 10 0 9 5 4 7 7 2 1 8 1 4 7 5 0 4 9 5 0 4 7 4 6 
9
2 7 7 9 8 7 6 5 0 
35
1 9 4 2 2 5 7 5 7 6 9 8 3 5 0 10 0 6 7 1 9 7 5 10 8 2 1 9 9 0 2 7 3 1 3 
13
1 10 5 3 9 5 2 10 4 3 5 10 6 
42
9 8 4 7 8 5 5 2 1 0 10 6 3 1 9 1 3 6 8 8 2 4 2 0 3 1 7 2 0 3 4 0 8 4 0 7 4 10 2 4 8 10 
20
5 4 3 10 6 3 5 0 3 2 1 8 5 0 3 2 3 7 7 8 
7
3 3 5 7 9 3 0 
18
7 9 8 9 1 0 4 1 9 9 4 3 1 6 3 10 9 9 
12
3 0 1 10 2 9 7 7 5 7 1 4 
20
6 10 6 3 2 4 8 8 9 8 10 8 10 0 7 7 5 2 6 0 
47
1 6 5 8 10 10 7 2 5 7 9 6 4 10 7 9 1 2 6 4 1 10 1 6 7 2 2 0 6 2 3 7 7 5 5 7 2 9 3 10 9 9 1 1 0 3 7 
41
8 0 7 9 0 9 2 8 9 6 3 6 0 2 5 2 1 8 5 2 8 3 1 2 8 8 0 5 2 9 0 7 2 8 5 4 0 6 7 4 8 
40
2 3 2 9 9 9 6 6 8 9 0 5 0 8 0 1 10 3 0 8 2 7 6 9 6 7 6 6 6 5 6 0 3 5 4 5 6 5 9 10 
8
0 9 0 10 6 8 6 8 
39
8 2 8 5 3 6 1 1 6 5 6 4 3 9 2 3 9 1 7 9 8 8 9 1 2 3 6 9 6 7 7 1 10 1 4 1 0 10 1 
47
4 5 8 1 2 9 10 6 8 1 7 0 6 5 3 3 7 6 8 4 4 3 4 4 2 9 5 10 8 9 6 7 1 5 2 9 9 8 5 10 5 0 10 5 8 9 7 
33
3 0 4 2 9 0 7 2 6 0 3 3 5 8 4 5 3 0 9 10 1 4 4 2 7 0 0 0 0 0 7 0 3 
8
3 0 4 3 3 3 8 10 
33
2 4 0 6 7 7 3 4 4 3 6 0 6 8 4 9 1 7 6 3 8 2 5 6 6 2 0 10 5 2 4 0 10 
36
5 7 4 0 10 7 7 2 2 0 9 5 0 1 6 3 0 2 9 8 0 0 3 6 4 1 8 5 4 9 9 4 0 9 0 1 
17
0 2 6 5 6 6 1 2 0 8 8 9 9 4 4 6 1 
12
1 0 1 8 0 4 6 1 8 6 4 3 
34
8 7 2 6 3 9 0 0 0 3 3 2 7 6 6 4 9 5 7 10 4 1 4 0 2 6 8 3 1 3 10 7 4 2 
14
4 2 9 1 10 8 3 2 4 1 4 9 9 2 
12
5 0 7 4 3 6 7 2 4 8 9 3 
17
0 8 3 6 2 10 6 6 10 1 10 6 4 5 1 2 4 
18
9 6 3 5 10 6 7 8 1 4 4 7 4 8 10 2 9 7 
14
7 8 2 0 1 3 3 2 9 0 0 1 1 9 
27
3 0 8 8 8 6 6 6 0 2 5 6 0 7 9 2 10 3 4 10 4 0 9 4 2 10 0 
50
8 6 10 4 9 2 5 7 10 3 5 0 6 1 5 5 2 2 3 1 4 10 1 6 8 7 5 1 9 10 7 4 5 2 9 5 9 3 0 6 10 1 9 6 8 3 2 9 4 1 
25
4 3 10 1 6 0 0 8 6 2 1 0 3 2 4 2 6 1 2 3 6 6 2 5 4 
32
4 4 10 0 8 4 8 2 4 6 7 5 3 5 6 7 6 6 3 5 1 5 4 9 3 10 6 3 6 10 6 8 
15
0 10 6 0 10 1 7 0 5 5 0 8 7 6 10 
30
2 5 5 1 0 7 4 0 2 2 4 7 8 9 5 6 9 2 7 9 10 3 7 2 4 4 1 3 0 0 
5
8 8 4 4 3 
37
5 1 0 8 3 7 4 5 8 7 9 1 8 1 5 7 10 8 9 2 5 9 4 4 7 6 10 6 8 2 4 5 4 10 6 7 8 
13
7 10 3 1 3 0 10 0 0 1 8 9 7 
7
3 6 7 1 4 6 3 
19
3 2 8 1 7 0 5 0 1 5 7 4 10 2 9 8 9 4 4 
18
9 10 3 5 1 8 9 0 0 8 7 3 0 3 6 4 2 0 
35
1 3 4 7 6 10 2 0 3 4 4 10 9 9 3 7 2 9 4 3 2 0 6 8 2 8 0 5 8 1 10 5 2 0 7 
17
10 8 9 9 3 6 2 7 0 10 5 0 1 7 4 9 4 
42
7 8 10 3 0 6 4 1 5 4 4 9 10 5 5 8 1 8 7 5 3 1 3 5 2 9 1 10 10 2 1 8 5 4 8 2 1 4 8 8 2 0 
20
7 7 7 5 5 3 3 1 6 3 1 2 5 7 0 7 0 10 7 8 
17
4 5 9 5 3 1 0 5 3 1 5 9 2 5 4 6 6 
28
3 9 1 6 4 8 3 0 7 0 2 9 7 5 0 7 1 2 1 8 4 1 0 2 2 4 6 4 
47
2 10 6 9 5 9 9 10 3 10 4 5 4 9 0 9 6 6 2 4 3 2 4 0 1 3 4 9 1 2 10 7 5 7 7 4 8 9 2 3 6 1 9 7 2 8 4 
44
7 0 9 3 1 2 7 5 7 1 3 4 2 7 4 6 9 7 2 0 2 1 3 2 3 4 7 10 3 3 2 6 6 6 8 5 5 3 3 6 2 3 3 8 
14
8 2 6 6 5 5 2 9 0 3 10 2 2 5 
18
0 2 8 3 4 10 5 2 4 10 10 4 5 8 3 1 1 7 
2
6 10 
32
1 0 1 0 0 0 2 10 10 5 8 1 6 9 4 3 10 1 4 1 1 9 5 2 10 0 9 6 3 5 1 6 
34
3 7 0 3 9 10 10 4 6 10 7 6 2 4 9 5 9 10 10 6 1 2 0 2 5 7 6 7 10 8 0 1 6 6 
29
3 3 3 4 7 7 8 3 6 4 8 1 1 6 6 5 9 9 8 3 5 8 8 3 10 4 5 6 6 
20
9 8 7 9 4 10 1 1 4 1 8 2 1 4 7 8 8 7 7 7 
24
4 8 0 1 8 4 6 2 3 7 4 0 7 10 8 4 6 1 8 7 8 8 8 4 
2
8 5 
33
2 8 5 0 0 0 3 3 7 9 7 2 10 1 2 7 9 6 0 1 3 8 9 6 4 3 9 0 3 7 5 2 7 
7
6 3 2 1 0 10 2 
40
1 2 9 8 6 1 5 2 4 0 9 3 3 4 9 8 7 8 4 2 8 4 8 2 9 1 8 2 7 3 2 7 2 8 3 9 6 2 4 10 
47
0 3 7 0 2 4 4 4 1 0 4 8 8 10 4 4 5 6 10 5 4 3 3 1 2 3 4 7 3 9 6 10 3 1 9 7 4 10 7 4 1 9 6 0 1 3 6 
27
7 4 0 4 9 4 4 1 7 4 9 4 10 4 9 6 4 2 8 0 7 5 10 4 4 5 2 
42
8 4 6 0 1 5 5 8 0 6 0 3 6 5 5 9 9 9 6 3 9 7 4 8 4 7 4 2 7 0 2 9 3 2 8 7 2 8 2 9 4 2 
41
0 6 4 1 5 2 3 4 3 4 2 5 8 0 8 7 9 1 1 9 2 10 8 0 8 6 9 10 3 2 9 10 3 7 10 7 3 5 2 2 3 
9
9 0 3 0 9 3 2 2 8 
6
7 1 3 10 9 10 
20
1 10 7 10 9 8 6 0 6 3 1 4 2 2 7 8 3 2 0 3 
47
5 2 8 5 1 0 2 4 5 5 8 7 10 9 3 8 7 3 1 7 1 1 5 8 3 3 9 2 7 2 10 8 2 0 6 0 9 8 5 9 3 6 5 7 0 9 0 
45
3 4 9 9 7 2 10 5 4 8 9 4 4 1 2 1 0 6 6 8 4 10 3 8 3 6 1 3 7 4 8 5 8 5 8 8 1 5 6 6 4 8 2 5 7 
4
5 5 5 9 
25
5 4 4 5 9 9 9 1 4 6 5 7 3 3 6 3 10 2 7 8 9 7 5 6 1 
34
9 1 2 9 10 6 7 10 1 2 7 9 5 7 1 1 5 7 5 8 0 9 10 3 5 6 2 6 0 6 3 0 1 7 
42
8 1 8 10 3 0 2 6 9 6 9 7 9 0 6 3 0 2 10 3 4 3 5 7 6 9 4 8 1 2 2 6 3 7 10 2 9 0 9 2 8 6 
26
7 6 8 5 3 8 8 6 9 1 7 9 8 5 0 10 3 2 3 7 5 7 1 1 2 3 
40
5 8 2 2 5 7 7 0 4 2 0 7 2 6 1 6 2 7 5 3 3 2 9 4 0 8 7 6 9 2 2 0 4 6 2 4 8 0 7 8 
11
7 4 1 4 10 8 10 7 5 0 2 
30
8 3 1 6 10 3 6 2 5 8 0 8 3 10 8 3 7 3 5 9 2 6 0 9 3 10 4 3 9 6 
37
4 9 1 2 2 5 0 8 5 2 7 0 7 3 2 7 5 4 8 4 5 10 5 8 4 9 10 2 4 2 10 4 10 8 4 0 3 
27
3 1 10 6 2 7 10 7 7 2 9 9 0 7 1 8 0 7 10 5 3 0 9 0 10 7 7 
30
0 4 6 7 8 9 6 3 9 4 9 4 4 0 0 6 0 9 0 4 0 8 7 10 2 1 6 5 0 3 
49
7 2 7 5 4 1 5 4 10 4 7 7 8 6 3 1 7 1 2 1 6 0 5 0 8 10 5 6 7 0 5 2 1 3 9 4 3 1 3 0 3 4 2 8 4 3 10 2 3 
44
8 9 6 0 5 10 2 7 7 9 10 5 8 5 8 7 3 9 7 8 3 0 10 1 5 1 3 6 8 6 4 6 9 7 8 2 7 2 3 4 2 0 9 8 
12
7 2 7 4 9 9 0 8 7 8 9 0 
13
1 6 1 4 3 0 0 0 2 7 4 4 8 
38
3 0 0 9 2 7 7 8 2 6 9 1 1 4 9 9 1 9 9 4 0 8 5 5 4 1 2 9 1 2 5 3 2 2 6 2 8 5 
30
7 10 0 3 7 5 5 9 4 10 9 6 9 5 5 4 3 3 5 4 4 7 3 2 3 7 6 2 9 8 
9
4 9 2 9 8 2 8 5 1 
14
6 2 2 6 5 6 8 2 2 1 3 4 0 10 
21
1 1 2 4 8 3 8 7 8 4 5 5 10 5 0 8 4 8 2 2 2 
31
1 0 5 8 8 7 10 0 4 6 7 5 6 9 7 6 9 6 3 9 5 7 7 0 9 5 7 1 4 6 0 
18
9 1 9 9 1 10 7 8 6 5 2 0 5 5 8 1 4 6 
14
0 3 10 6 3 5 9 1 0 2 1 5 9 0 
11
5 6 9 6 6 6 0 2 2 1 2 
32
1 9 9 0 3 0 1 8 5 6 8 3 2 1 10 7 0 1 1 6 1 7 1 1 4 5 10 5 1 7 4 0 
47
8 1 5 9 2 3 9 1 6 4 6 1 10 9 0 6 5 2 0 3 6 8 9 9 5 6 9 9 4 5 7 0 10 3 0 8 6 7 5 0 8 2 6 0 1 3 2 
14
6 3 10 5 6 1 6 2 6 2 1 4 5 3 
50
9 8 10 3 4 2 5 8 10 5 2 3 6 3 4 10 3 10 1 4 7 3 9 7 5 0 4 4 0 6 7 9 5 2 6 1 1 5 2 10 2 2 10 6 6 10 1 10 4 3 
29
9 5 7 1 5 5 4 10 5 1 4 6 6 3 9 10 9 2 1 4 7 0 10 10 9 6 8 3 9 
35
1 10 2 0 1 8 9 8 5 5 5 3 2 9 0 8 2 10 0 3 9 3 5 2 8 7 3 5 0 4 2 6 4 0 2 
36
5 0 3 7 6 6 1 1 9 0 4 0 10 8 0 6 8 9 7 10 5 3 1 2 2 8 0 1 10 6 1 2 4 7 2 9 
10
5 1 8 9 5 9 5 1 6 4 
40
6 8 10 7 6 0 9 7 7 5 7 0 7 3 0 9 6 7 5 10 9 8 7 1 4 9 8 7 5 10 2 2 6 7 7 5 3 4 7 1 
28
1 3 9 4 3 10 3 8 2 2 0 10 4 8 8 8 4 2 8 7 3 9 3 9 4 1 2 4 
15
7 9 10 3 0 7 7 8 10 1 3 3 10 3 1 
19
4 8 9 8 3 3 3 5 7 3 2 0 1 9 5 1 4 6 4 
30
1 1 10 1 8 0 4 6 4 6 4 2 8 6 2 5 1 6 8 0 4 1 1 3 2 3 7 10 2 4 
6
8 1 6 0 5 0 
35
6 2 2 2 5 9 3 6 2 3 9 3 9 6 10 7 6 9 2 2 2 1 6 7 6 1 0 2 1 1 0 5 4 10 3 
13
4 5 3 7 1 9 4 7 2 0 3 6 8 
21
4 2 1 10 4 9 5 0 4 1 8 1 8 5 10 0 6 6 10 0 4 
33
6 9 8 0 3 8 7 9 9 9 1 3 0 1 9 7 4 8 10 0 10 0 7 2 10 10 3 9 0 10 9 6 1 
7
10 10 0 1 8 4 4 
43
9 8 5 1 6 2 6 0 0 2 3 8 7 0 0 0 2 4 5 5 2 3 4 5 7 2 5 8 6 0 4 9 8 1 9 3 1 6 5 0 7 1 9 
30
2 5 0 2 7 10 1 2 0 8 2 9 4 8 7 4 0 2 8 4 9 9 6 6 4 6 3 4 1 9 
35
3 6 4 1 4 3 10 2 0 6 9 6 4 1 10 2 7 8 3 7 9 5 6 5 7 4 7 6 1 10 6 8 3 7 9 
7
7 3 1 3 2 3 1 
45
6 5 3 0 6 10 4 6 4 1 0 8 1 8 6 10 0 7 3 10 1 2 1 5 10 7 6 4 9 3 6 2 8 3 1 1 0 2 3 4 8 1 8 1 3 
45
1 0 5 4 2 3 8 9 4 7 1 9 9 7 10 6 4 6 0 1 7 10 6 4 9 4 6 7 2 1 0 8 8 0 5 3 3 2 10 4 3 0 4 1 3 
9
1 3 0 4 0 4 2 1 7 
49
10 10 9 7 8 8 1 7 4 10 7 6 7 7 0 6 7 2 6 1 3 3 6 4 0 4 0 9 1 0 0 3 8 10 6 3 5 4 3 4 8 7 1 4 8 7 2 3 8 
24
3 8 10 4 8 1 5 4 1 10 3 10 1 9 5 9 2 2 8 3 1 8 5 1 
34
7 1 9 8 0 2 5 9 1 0 7 2 3 0 0 0 9 1 9 3 2 8 3 4 1 8 4 8 1 1 6 3 3 6 
32
0 6 5 4 3 3 3 9 8 9 0 7 3 3 6 8 7 6 0 1 4 7 4 1 4 0 7 10 9 6 1 7 
35
1 2 3 1 2 9 2 5 3 10 0 6 8 5 9 1 2 9 2 3 2 3 8 10 3 6 8 10 7 8 8 5 4 2 2 
6
6 8 0 10 9 2 
45
4 9 7 1 9 4 10 3 1 1 6 5 1 4 8 1 10 3 4 0 10 8 4 3 5 6 6 9 3 9 7 10 10 6 1 7 8 8 6 5 5 5 4 3 9 
33
9 5 7 8 1 10 10 3 2 7 0 9 5 7 0 2 6 9 3 7 1 2 1 1 10 9 7 1 0 10 6 3 5 
5
5 3 9 0 3 
25
4 4 7 9 5 7 1 1 3 6 10 5 6 10 10 2 5 4 8 3 0 0 10 4 4 
16
10 2 0 10 2 3 7 4 1 3 6 9 0 1 3 1 
45
10 8 7 9 2 6 4 0 4 10 5 10 5 9 4 4 4 9 9 8 2 5 8 0 0 3 10 8 0 10 4 1 3 9 4 8 7 10 6 10 10 4 7 1 10 
24
6 7 8 10 9 2 5 0 3 4 9 9 4 2 4 10 9 3 6 3 5 3 2 3 
7
3 3 8 10 5 7 6 
43
0 6 4 5 7 2 9 9 0 6 0 5 7 6 2 9 2 5 9 5 5 2 0 4 5 8 2 9 2 1 3 2 10 1 6 3 2 2 9 8 3 6 4 
17
9 4 8 10 8 1 9 0 10 7 3 0 8 5 6 4 10 
50
2 1 7 8 4 4 10 10 4 0 9 4 0 0 10 6 5 9 7 1 1 9 7 0 9 5 5 8 6 4 1 3 5 3 1 8 7 8 6 8 8 6 8 9 4 0 10 5 5 10 
43
0 2 4 3 6 4 8 4 6 1 4 3 9 3 8 1 4 10 5 10 10 9 9 4 3 1 4 7 6 5 4 8 8 2 6 9 6 10 3 6 5 2 6 
21
5 3 3 9 4 4 6 10 4 3 3 5 10 2 2 8 2 10 1 8 6 
8
7 7 6 6 1 0 7 3 
10
9 5 0 0 5 10 4 8 4 5 
23
0 9 8 0 7 0 4 5 0 9 9 7 9 2 4 2 0 10 6 3 8 4 7 
47
3 5 10 7 7 10 9 7 3 3 4 3 10 4 10 3 5 10 10 5 7 2 7 8 10 6 4 9 3 1 8 8 5 9 10 2 2 5 6 5 7 2 3 10 6 4 1 
36
6 9 10 3 7 10 7 10 4 10 5 0 2 6 2 7 2 3 7 9 10 10 1 6 10 0 2 10 6 6 5 5 10 8 5 3 
14
1 9 8 1 0 9 8 0 6 9 9 3 0 6 
3
3 6 4 
42
8 4 3 7 10 1 10 2 1 10 0 10 7 0 7 9 9 9 0 2 3 9 4 0 2 3 2 0 8 8 6 3 8 5 6 9 8 8 3 9 0 6 
28
10 9 1 7 1 8 8 9 7 3 0 4 7 5 2 0 0 0 9 6 9 4 4 0 4 4 1 9 
44
5 2 7 8 10 9 8 8 3 5 9 9 9 8 10 4 9 2 0 6 9 8 5 0 8 9 3 1 6 0 8 4 2 5 6 1 0 6 3 10 8 1 0 10 
3
4 4 0 
40
6 2 8 4 8 7 9 8 5 6 1 0 10 6 4 3 3 4 0 10 2 6 3 1 4 2 3 0 8 2 2 8 10 2 8 3 5 7 3 0 
38
4 7 6 5 0 5 1 6 1 5 5 1 0 0 1 7 4 6 5 3 10 3 3 8 7 1 5 7 6 2 4 1 6 7 8 3 6 6 
46
10 3 0 5 0 6 6 4 6 7 8 8 6 1 10 3 1 0 3 9 9 7 6 3 9 2 5 4 10 8 9 0 4 3 9 7 5 1 1 8 2 4 6 3 2 8 
48
2 2 5 7 8 8 7 0 0 5 5 2 5 2 5 4 9 2 10 7 2 1 1 3 8 3 2 8 0 10 2 9 1 10 6 7 7 2 0 1 8 2 7 1 6 3 8 10 
28
4 7 2 8 6 6 5 8 5 1 0 6 7 1 0 5 7 5 1 7 4 7 10 9 7 5 0 7 
40
0 2 9 6 1 8 1 3 5 2 10 6 3 2 4 9 2 2 0 5 9 8 0 3 3 9 0 8 9 6 0 0 7 10 1 1 10 10 7 2 
20
9 5 8 7 6 4 9 9 10 2 1 0 3 8 2 9 8 8 8 9 
47
9 4 9 3 3 6 1 5 4 3 1 3 6 7 0 7 2 8 6 3 6 8 9 1 6 5 7 10 8 0 2 5 0 5 0 8 4 2 3 5 0 2 0 5 2 5 0 
36
6 4 1 2 1 6 0 2 8 9 5 0 3 5 5 8 2 3 0 3 8 3 7 10 2 3 2 1 8 1 8 2 5 10 6 6 
49
3 2 0 10 8 9 3 7 10 10 8 2 8 6 4 10 3 7 5 5 3 1 9 8 10 8 8 4 9 6 2 8 2 8 1 1 3 2 7 0 8 10 5 5 10 4 10 7 3 
7
6 10 9 9 4 4 6 
38
3 6 0 3 7 8 10 10 7 5 4 2 5 0 3 1 6 3 5 6 9 9 9 9 5 9 3 5 2 2 6 8 7 6 7 1 1 7 
20
3 4 0 0 2 9 9 7 2 7 0 7 6 0 0 5 8 6 10 7 
44
6 2 1 2 1 3 4 5 5 6 7 3 7 3 6 0 3 2 6 5 4 10 4 0 7 10 5 3 2 7 8 2 0 7 3 8 9 9 4 1 1 3 6 0 
10
2 3 0 3 4 8 1 6 0 10 
38
2 7 10 9 0 8 0 5 5 2 6 5 0 10 2 9 1 8 8 10 8 0 4 6 5 1 5 6 3 8 3 6 8 1 5 8 1 4 
15
0 8 5 6 6 9 8 5 6 2 10 10 7 10 4 
39
9 4 9 9 2 3 2 3 6 2 8 1 2 9 6 1 3 9 3 2 3 9 7 1 7 6 8 0 7 9 5 10 8 1 1 2 5 5 10 
21
8 0 1 3 4 7 3 2 5 0 5 6 5 6 5 1 0 3 2 6 1 
19
2 7 6 10 10 7 4 5 8 6 9 6 2 7 2 5 1 7 10 
15
4 1 3 1 2 3 9 9 7 7 6 7 10 4 9 
23
8 8 10 3 0 8 6 9 2 1 3 0 9 10 10 10 2 7 3 6 6 8 10 
24
7 2 9 9 6 3 8 5 4 10 0 1 10 10 9 9 2 4 10 2 5 0 2 8 
43
8 6 0 9 3 7 4 8 2 2 10 5 6 0 6 6 4 8 0 4 10 9 1 5 0 1 1 3 9 6 0 10 2 2 6 9 4 3 9 5 7 5 6 
30
6 6 2 8 6 10 8 0 6 0 6 3 8 7 5 9 9 3 0 5 1 2 0 3 10 1 2 4 4 2 
38
6 9 1 10 4 8 1 4 4 7 4 1 3 10 5 10 8 7 10 9 9 1 1 8 1 4 0 3 1 9 4 6 9 6 2 1 4 1 
31
4 9 5 1 1 5 10 3 6 7 9 6 10 5 10 0 10 7 7 8 7 8 8 4 2 2 9 6 9 4 4 
31
7 4 7 9 3 8 0 6 8 3 6 4 4 5 1 4 8 1 10 7 0 3 3 8 7 0 8 0 9 1 3 
18
10 6 0 8 9 4 6 6 5 6 10 6 4 8 6 7 4 2 
31
6 7 7 4 0 5 5 5 5 9 10 6 6 9 3 5 0 1 5 4 7 3 3 8 0 7 5 8 5 10 10 
46
5 10 2 2 8 3 3 4 3 8 9 1 4 3 2 8 4 0 0 0 0 6 0 5 9 9 7 9 2 4 2 8 9 4 7 9 0 0 6 8 1 0 7 3 5 9 
27
5 5 4 1 10 5 2 5 0 5 2 5 9 0 1 6 8 0 0 8 8 10 2 7 0 5 8 
19
9 7 8 1 1 5 0 9 0 0 10 9 1 3 8 9 6 8 5 
48
8 6 4 2 2 4 6 7 9 1 1 10 2 3 7 6 10 0 3 0 10 4 10 7 2 10 6 9 5 6 5 2 1 1 3 6 7 0 10 9 6 0 0 7 8 6 8 8 
15
7 2 7 0 4 5 6 10 0 4 7 9 3 7 0 
50
3 6 6 1 4 1 2 4 6 1 4 1 1 6 10 0 3 4 5 2 8 3 9 5 4 8 1 7 9 6 8 7 7 8 0 0 4 4 2 4 1 4 6 7 7 7 8 1 2 10 
45
7 4 7 1 7 2 1 8 9 9 10 4 8 4 5 6 10 9 6 2 6 2 10 0 6 5 5 3 6 1 10 1 2 0 6 3 4 8 6 8 6 3 10 8 7 
43
4 0 2 1 8 0 2 9 3 5 1 5 10 3 7 6 2 6 8 1 1 6 9 1 5 9 4 6 2 8 7 3 9 7 9 3 10 7 8 1 8 6 2 
20
8 8 5 2 8 9 8 5 0 10 2 5 8 5 5 2 1 4 8 0 
6
10 4 3 5 5 3 
47
9 8 4 3 4 0 6 4 5 3 7 10 6 0 5 5 5 0 1 7 5 9 4 6 2 3 1 7 1 2 6 4 1 9 1 2 0 4 7 0 8 0 9 4 7 10 8 
43
2 9 5 10 3 7 9 4 7 9 2 0 10 1 7 4 8 1 5 4 8 9 6 6 0 0 9 3 9 2 8 1 6 4 6 3 6 9 0 6 4 3 9 
6
0 6 2 10 10 4 
32
0 8 2 4 1 6 5 10 8 1 3 6 4 1 0 7 1 8 9 10 9 4 10 0 10 2 0 5 3 3 0 0 
29
9 1 6 10 1 2 10 10 7 1 3 0 9 6 2 5 9 1 7 1 8 4 6 10 3 2 4 0 2 
33
9 10 2 4 6 5 8 7 6 1 10 3 3 7 10 9 0 9 5 6 4 5 6 7 0 6 8 7 2 10 8 1 2 
27
1 9 1 5 9 10 5 5 0 7 8 2 8 8 4 8 10 9 2 1 3 6 1 5 1 8 6 
40
7 3 1 6 10 10 6 0 6 2 5 8 0 10 10 1 3 9 5 6 7 8 7 2 0 2 9 9 5 8 1 10 2 4 5 10 10 6 0 3 
22
7 3 5 0 10 9 7 10 1 5 1 8 5 2 6 4 9 8 7 4 9 0 
38
6 4 0 5 7 3 8 5 0 1 7 3 4 0 5 2 3 2 2 1 4 7 0 10 2 7 5 7 7 9 3 7 4 5 10 2 2 4 
7
10 5 10 5 8 5 8 
35
8 7 8 7 1 0 0 6 7 4 7 7 6 9 6 1 0 10 4 8 1 2 9 10 4 10 7 2 7 3 1 1 8 0 1 
19
4 9 7 4 7 10 7 4 5 5 3 9 0 8 5 8 9 0 6 
34
2 0 10 5 2 2 7 5 4 2 0 5 0 7 4 4 3 7 9 1 10 1 3 1 0 4 1 7 7 10 0 10 7 1 
31
0 1 4 0 3 4 7 2 3 6 5 3 0 10 2 6 7 7 7 4 10 5 8 10 4 2 8 4 6 2 3 
10
1 10 8 8 10 10 5 6 10 1 
23
2 8 3 7 7 0 1 4 3 4 8 5 6 4 5 3 5 8 1 0 8 3 0 
29
9 4 1 7 8 1 4 10 4 2 0 7 8 4 4 6 4 8 9 4 10 9 4 2 3 9 8 1 5 
39
4 8 0 2 6 8 6 1 8 0 7 1 6 8 1 8 5 9 5 10 10 9 2 9 10 9 5 0 0 5 3 8 3 2 6 7 10 2 8 
35
5 3 0 8 7 5 5 3 2 10 6 4 4 4 2 6 9 10 5 6 7 2 7 4 0 0 4 2 8 5 2 9 7 4 9 
32
10 7 3 9 9 9 1 8 3 8 9 8 1 3 9 6 10 2 3 2 3 6 5 4 6 10 8 6 10 10 10 7 
43
9 6 6 7 10 0 1 2 4 0 4 7 7 3 3 8 7 8 10 6 8 6 0 0 10 8 6 0 6 2 8 1 8 4 2 10 8 0 7 10 0 3 9 
49
2 0 5 0 2 4 7 2 10 9 6 6 8 4 8 0 6 3 10 9 8 6 2 1 5 0 9 9 0 7 0 6 5 2 8 2 4 4 2 8 8 9 4 3 5 7 9 2 8 
12
7 2 3 6 7 3 10 1 5 8 3 8 
49
8 1 4 1 4 1 4 9 9 2 6 8 9 0 4 5 0 10 3 9 9 8 1 10 3 10 1 9 5 9 9 4 5 4 6 0 1 9 3 8 0 4 1 8 2 10 4 8 9 
13
8 8 6 3 4 5 8 7 7 7 3 4 4 
32
4 9 8 1 5 8 8 2 8 7 10 3 3 9 5 3 5 2 10 2 8 2 9 0 4 1 8 0 9 4 2 8 
5
9 8 4 2 8 
35
0 8 9 7 3 2 0 3 7 7 7 3 3 10 0 5 4 0 6 0 5 2 5 6 9 3 2 5 8 6 6 2 4 9 0 
2
0 7 
21
4 0 10 2 4 6 4 5 9 5 5 10 4 6 5 10 10 9 0 10 10 
37
9 9 2 9 9 4 10 6 5 10 5 0 2 1 9 3 7 0 2 3 8 9 1 10 5 9 1 9 9 9 7 4 1 10 10 4 7 
31
4 1 1 10 0 2 9 8 1 3 1 6 10 5 8 10 6 8 10 7 5 3 0 7 3 9 8 4 3 10 1 
27
8 6 5 6 5 0 10 10 3 4 9 4 2 0 4 6 6 10 8 1 4 3 6 3 6 3 4 
19
3 1 0 7 7 6 3 4 2 9 4 4 6 9 3 6 3 0 6 
28
7 10 2 7 2 10 8 10 8 6 10 2 1 8 5 1 5 10 9 10 1 0 9 2 8 2 2 10 
39
8 6 7 10 0 5 9 7 7 2 1 7 1 3 1 2 4 2 4 4 9 8 1 6 8 10 4 1 0 4 2 5 8 9 0 10 9 9 2 
28
5 6 7 0 3 3 7 4 0 0 3 10 0 9 3 0 6 3 5 2 2 5 1 6 5 7 2 0 
27
7 9 9 10 9 9 2 2 4 2 8 10 6 7 7 1 5 2 0 5 6 5 1 9 5 2 4 
37
8 5 0 2 6 2 0 1 7 10 1 9 2 7 4 7 9 0 0 2 7 4 6 2 3 7 4 4 0 2 1 6 4 0 4 7 6 
40
10 0 0 6 7 3 9 2 2 8 10 6 2 5 10 1 5 3 5 2 0 2 5 9 8 3 2 1 9 4 10 8 7 5 10 6 10 10 1 3 
11
5 6 9 5 4 8 3 3 8 0 9 
12
1 0 0 2 7 1 3 7 6 6 6 2 
3
3 2 0 
50
10 4 5 2 5 6 0 7 4 9 2 0 8 3 2 9 4 9 8 4 2 7 9 7 2 6 4 3 2 2 3 8 2 7 9 7 3 7 0 10 7 6 3 8 2 5 2 5 6 3 
17
3 6 0 7 4 8 4 6 5 6 4 1 6 0 9 6 6 
42
2 3 4 10 7 9 0 4 6 2 2 8 0 5 8 7 8 8 5 8 2 4 6 5 8 5 0 4 0 10 8 8 9 0 1 4 8 5 2 5 10 10 
26
10 5 4 7 7 6 3 5 2 0 1 0 2 9 8 10 3 3 0 10 0 5 8 8 0 2 
45
10 6 3 5 6 1 8 6 0 5 4 1 8 4 7 9 2 3 9 10 7 4 2 6 8 2 0 2 4 10 10 4 6 2 7 3 5 4 4 2 9 3 8 6 7 
32
5 0 1 2 2 10 5 4 8 10 7 1 10 8 5 6 9 10 6 6 7 3 10 5 1 6 5 4 1 4 5 0 
1
9 
14
1 10 6 5 10 4 6 9 3 4 5 3 8 8 
18
2 8 1 10 5 7 4 4 4 9 2 1 5 2 10 3 5 9 
29
10 9 8 5 6 7 5 6 3 2 9 5 0 4 5 6 3 5 6 6 9 0 8 0 1 5 4 8 8 
2
9 1 
41
5 2 10 0 4 8 1 3 0 2 10 8 10 6 7 7 8 2 1 5 2 4 8 6 2 6 10 7 0 7 8 10 4 8 0 6 2 1 2 2 0 
32
4 5 6 10 9 5 6 5 2 4 4 6 4 7 4 3 4 5 2 8 3 2 6 3 3 10 8 3 9 0 9 5 
3
3 7 8 
1
8 
48
4 3 8 6 1 4 3 0 3 5 1 0 10 5 1 0 4 1 4 4 3 6 0 8 9 7 6 3 2 5 6 1 9 6 8 6 9 8 0 8 2 6 9 4 3 4 7 10 
14
5 4 3 3 5 8 4 6 5 8 2 5 1 7 
43
0 10 9 9 1 3 1 4 3 8 6 0 7 8 4 9 2 8 8 5 4 7 10 10 1 10 9 9 7 1 4 3 1 0 7 6 4 3 8 9 5 0 4 
33
7 7 0 2 7 5 2 0 5 1 10 8 6 2 4 4 5 8 0 6 2 9 3 2 3 5 5 9 10 9 10 4 4 
41
10 1 5 10 1 6 7 5 0 0 5 10 6 10 9 2 10 6 10 4 10 5 7 1 1 5 5 2 3 6 3 7 7 8 9 1 7 1 3 10 10 
38
1 8 8 9 8 2 6 0 9 10 1 2 5 8 2 4 5 4 10 6 6 2 4 7 4 6 4 1 1 1 3 8 10 1 2 4 5 7 
5
10 9 6 5 1 
20
6 0 9 3 2 6 2 4 4 1 3 4 0 7 2 0 9 5 8 7 
2
4 2 
19
8 3 6 0 2 6 10 7 4 4 8 1 2 10 4 4 7 0 6 
45
1 0 3 2 8 1 7 5 9 9 5 4 5 6 5 0 5 7 3 8 6 10 8 6 6 9 8 2 4 9 3 8 10 7 9 6 7 3 0 5 8 10 8 5 6 
15
9 0 8 3 1 9 2 3 4 4 4 3 8 3 1 
16
9 7 8 8 2 6 6 9 0 2 0 6 5 9 1 6 
20
1 4 6 5 6 0 1 7 0 8 0 1 8 3 8 8 3 2 6 4 
3
8 10 6 
17
1 3 5 5 3 6 0 0 0 2 0 9 7 2 3 1 9 
23
5 9 2 6 3 6 1 10 2 9 9 3 1 3 6 0 9 4 7 3 6 9 2 
22
2 5 1 6 8 5 7 5 8 7 1 3 0 1 3 7 4 2 7 1 1 8 
1
2 
32
8 1 9 2 6 8 4 7 8 0 6 7 3 2 7 6 4 8 10 2 0 1 8 2 0 2 7 5 10 0 0 0 
18
9 9 3 2 0 4 0 0 5 0 10 6 8 7 9 6 10 3 
27
0 3 4 5 5 9 5 2 7 10 1 6 8 4 3 6 8 3 3 7 5 8 5 9 4 1 8 
39
9 7 2 7 6 2 5 5 1 2 9 10 9 9 1 0 2 4 9 6 6 3 2 0 5 1 7 8 10 3 2 7 3 0 5 9 5 3 2 
12
6 2 3 10 0 5 5 10 8 4 7 2 
35
9 7 5 7 0 8 3 7 1 9 9 4 1 6 8 10 10 10 2 4 6 6 2 9 9 4 5 10 8 7 4 3 7 7 2 
34
0 8 6 10 9 10 10 5 7 6 9 9 3 10 1 0 1 0 6 1 8 2 1 2 3 7 5 4 8 1 10 5 5 1 
18
8 0 3 0 4 2 3 9 2 9 4 2 5 1 0 8 8 7 
24
10 7 5 4 9 1 10 0 9 4 8 8 9 6 6 3 0 2 0 8 5 5 6 7 
16
8 10 8 10 10 0 10 7 2 7 1 4 9 10 1 1 
42
6 6 4 9 4 1 0 10 10 8 0 2 8 1 8 5 4 2 3 8 10 5 3 9 3 3 0 10 0 1 2 4 2 10 9 0 3 2 6 8 8 5 
28
9 2 10 6 9 5 10 5 8 0 6 5 8 5 8 3 2 8 9 0 10 6 10 4 10 3 2 8 
13
1 5 0 2 8 0 9 3 4 0 0 7 2 
46
3 10 6 4 1 10 4 7 7 5 0 8 10 5 8 2 10 6 2 9 9 6 8 6 8 3 3 3 3 2 7 2 1 10 0 9 9 1 2 2 10 2 3 5 10 4 
15
2 7 0 7 2 5 10 10 4 1 3 8 3 4 7 
43
7 6 0 3 4 0 6 10 10 4 5 7 1 5 9 8 8 7 3 0 0 2 0 8 9 2 7 0 9 5 6 1 4 2 8 10 3 9 0 6 3 3 9 
41
3 4 3 0 7 1 5 5 7 8 2 10 4 0 1 8 10 6 3 9 7 1 3 6 6 0 8 1 3 0 9 6 0 2 9 10 5 9 9 2 3 
1
2 
1
3 
48
5 0 8 8 2 10 3 3 5 7 2 2 4 7 9 9 8 1 5 5 6 4 9 5 2 10 5 1 6 8 3 8 7 9 2 9 3 0 8 4 6 4 7 3 10 2 3 6 
40
10 1 5 4 1 5 10 3 3 2 1 3 6 0 10 5 8 10 7 6 8 0 6 7 3 4 3 2 4 6 1 2 0 10 0 6 7 8 7 9 
13
2 7 2 7 9 10 9 7 10 10 0 0 4 
8
3 1 2 10 8 3 3 10 
8
5 2 3 1 2 9 4 7 
42
6 1 7 4 4 9 6 10 8 8 5 1 2 0 4 4 7 9 3 8 6 7 6 1 1 7 8 9 1 0 0 9 1 9 4 4 3 1 7 2 2 2 
29
10 9 10 7 5 10 2 9 2 10 8 9 4 6 2 8 5 4 6 7 7 2 4 6 3 2 2 0 10 
6
3 0 3 6 4 8 
34
3 1 10 8 8 4 8 6 1 8 2 8 2 4 4 1 5 8 6 0 4 6 10 3 4 6 1 6 1 7 9 4 8 3 
44
2 6 8 8 0 8 0 4 5 7 3 3 8 4 10 5 7 9 1 2 6 3 5 10 9 5 9 1 0 5 10 10 2 4 4 5 1 7 8 2 5 9 10 5 
30
8 4 10 2 2 4 8 0 7 8 7 10 9 3 6 6 3 3 7 7 3 10 2 1 7 6 4 8 10 4 
28
9 0 9 10 1 7 10 3 0 6 5 0 4 1 9 0 7 9 7 3 8 2 5 10 3 4 2 8 
22
4 10 5 3 0 6 8 2 2 5 4 1 9 0 4 8 1 10 6 2 0 1 
39
5 2 4 5 3 0 3 2 0 10 0 10 1 1 9 5 10 2 10 5 4 7 3 3 3 7 2 2 0 6 6 7 6 6 3 8 4 0 6 
3
10 4 8 
36
10 3 8 4 6 6 5 10 8 0 4 10 4 2 4 1 4 3 6 3 7 7 7 9 5 9 1 10 5 6 2 4 4 6 10 10 
25
2 8 8 0 5 2 0 3 5 7 1 0 4 8 6 5 0 6 0 9 6 2 6 1 8 
25
1 2 1 9 2 6 2 0 10 2 7 7 5 6 5 10 7 8 9 3 0 6 5 5 10 
35
8 5 3 1 6 2 4 5 5 6 3 1 9 5 4 6 10 9 9 6 9 9 9 7 4 9 1 4 4 8 7 6 5 9 10 
36
10 9 10 7 10 6 10 6 7 4 9 3 1 1 10 4 1 9 1 1 5 2 8 0 8 7 1 2 1 3 9 5 9 6 3 5 
42
8 3 4 10 6 8 0 3 9 0 10 4 1 5 2 4 8 8 1 5 4 3 7 5 4 3 10 6 4 6 8 10 9 5 0 6 4 7 0 10 0 3 
32
6 8 6 6 9 9 8 2 6 4 5 4 4 7 8 6 2 4 2 7 1 2 3 10 8 3 0 4 2 3 2 5 
48
3 7 10 7 10 9 5 6 9 10 1 4 4 4 7 2 6 7 1 10 0 4 7 10 2 0 4 1 3 8 8 0 2 3 0 2 0 9 9 5 5 0 9 8 2 3 0 0 
8
3 1 3 10 4 1 0 8 
42
7 10 5 9 8 5 2 0 10 3 3 3 9 0 2 10 7 3 2 9 7 2 10 1 2 1 1 6 6 2 9 1 0 2 0 3 8 7 9 3 7 6 
10
6 1 3 5 4 4 4 0 5 0 
39
6 8 2 3 7 4 0 1 8 0 0 1 2 9 10 9 10 2 0 9 6 4 0 1 3 6 7 0 1 5 9 5 10 6 9 7 10 5 6 
35
0 1 9 6 0 6 6 10 10 4 9 1 1 10 6 5 3 0 2 3 5 0 8 10 8 7 9 7 7 8 3 4 0 8 7 
24
8 10 8 7 5 2 5 0 0 10 0 9 6 4 0 9 8 2 3 5 4 8 1 2 
4
3 9 9 7 
1
9 
18
7 5 1 4 5 9 6 4 2 5 0 4 1 8 10 9 10 7 
10
5 8 4 3 2 7 6 5 4 1 
46
2 5 5 3 9 5 0 7 8 0 8 2 4 6 7 6 8 7 2 6 4 10 7 0 8 7 7 0 4 3 2 0 7 9 0 10 7 0 8 9 6 5 8 9 8 4 
21
3 4 7 0 0 7 5 4 7 9 10 9 3 0 8 1 4 6 8 3 2 
3
6 9 10 
18
10 4 5 2 0 4 5 2 8 2 1 5 8 0 4 8 3 0 
48
0 7 5 2 1 10 10 8 4 6 3 2 4 2 2 3 0 8 2 8 3 1 8 5 1 0 0 2 1 3 4 1 6 1 0 9 6 3 10 3 4 2 4 3 9 2 10 7 
9
5 1 4 2 10 3 6 6 2 
44
2 5 6 4 2 8 0 4 7 0 5 1 8 0 2 6 1 6 2 9 8 9 1 7 1 9 4 6 1 5 5 9 3 10 10 1 7 1 2 2 5 0 0 8 
20
10 9 0 9 0 8 2 7 10 10 9 4 0 4 2 4 7 3 10 10 
43
1 0 4 8 2 0 8 1 4 5 5 0 1 6 2 9 10 7 10 1 7 7 2 5 0 2 9 1 4 8 3 8 3 2 2 4 6 8 10 9 10 0 9 
36
3 10 10 7 3 1 1 8 9 1 1 1 5 9 8 5 10 8 2 6 9 6 5 7 3 3 8 6 8 1 9 5 1 3 2 7 
36
1 9 9 0 9 1 9 5 9 0 10 10 10 10 0 0 6 2 4 1 5 9 0 10 9 0 7 6 9 5 0 1 3 5 8 10 
28
1 9 8 5 8 6 3 3 5 1 6 5 5 4 8 9 6 7 2 8 7 2 9 7 3 5 10 4 
8
6 8 3 7 10 6 1 8 
32
5 8 7 1 5 5 3 3 4 4 1 3 8 8 10 1 9 3 9 8 6 5 3 10 3 1 4 2 9 1 10 5 
4
4 0 2 3 
42
10 6 5 9 6 0 1 4 10 4 8 1 6 1 0 1 7 0 10 1 9 5 1 2 1 10 4 4 4 2 8 5 8 2 6 5 6 5 9 6 4 6 
39
5 0 4 8 7 1 7 2 9 6 7 10 2 3 9 1 1 1 2 2 2 0 5 10 3 7 4 0 1 2 4 10 0 3 5 5 3 5 9 
16
3 6 3 0 7 6 0 10 10 1 7 9 10 3 5 3 
41
9 10 1 4 4 8 2 5 5 1 9 5 0 1 6 0 1 9 5 1 5 3 5 3 6 1 8 1 2 7 7 1 3 9 6 2 9 1 6 7 6 
2
10 1 
23
5 8 2 0 0 5 10 4 1 4 10 8 5 1 10 3 7 2 6 8 8 6 2 
41
5 3 8 10 5 4 7 7 6 9 7 0 4 9 5 10 1 0 6 10 10 8 3 10 5 2 2 9 3 10 9 2 2 4 1 7 5 2 0 6 9 
18
6 0 8 0 1 7 8 4 10 4 5 9 9 1 2 1 3 3 
50
10 4 7 10 7 5 7 1 8 9 0 6 3 10 6 3 0 5 9 5 2 10 9 4 1 8 9 7 10 6 0 2 6 0 3 1 7 7 1 4 1 9 3 5 6 9 9 0 6 0 
28
4 6 10 4 6 1 7 4 4 8 9 9 4 2 4 6 9 1 5 2 8 5 3 6 6 0 0 2 
31
7 10 8 0 6 1 3 10 10 2 5 9 1 8 4 8 0 3 2 7 4 9 7 8 8 9 6 6 9 4 1 
11
7 0 1 9 3 8 0 4 6 4 3 
8
3 9 2 0 6 1 2 8 
22
0 0 5 5 9 10 2 7 8 5 8 7 2 2 2 3 8 10 2 2 7 9 
25
5 10 9 5 5 1 0 1 4 5 1 4 7 2 1 6 6 4 3 8 9 7 10 10 4 
38
4 5 7 2 8 0 1 3 2 3 3 5 6 6 2 10 0 7 2 2 4 2 6 10 2 4 10 9 10 1 5 6 10 8 6 3 4 6 
7
8 1 1 10 4 3 8 
49
6 4 8 2 9 6 7 4 4 8 8 4 2 1 8 9 9 3 2 9 4 2 1 0 4 3 5 10 5 2 4 8 2 6 6 3 7 9 10 0 2 7 1 3 8 6 8 2 7 
2
10 7 
40
0 9 8 2 2 5 4 2 8 1 6 2 6 6 10 2 0 0 1 7 9 10 8 2 0 9 3 3 2 1 1 8 3 0 5 5 7 6 5 8 
27
8 1 10 9 6 3 5 9 4 2 7 1 2 2 9 4 9 7 8 0 2 0 3 5 7 1 0 
17
10 10 0 8 5 6 5 3 3 8 1 3 10 9 7 4 7 
48
5 10 2 7 1 9 1 6 2 1 6 5 9 5 7 6 8 3 9 3 10 10 0 5 4 0 2 0 10 2 0 3 1 0 1 0 10 9 3 9 1 8 2 0 4 2 3 10 
38
2 0 10 3 8 2 1 9 6 6 4 1 6 3 2 1 8 6 5 2 9 8 0 3 9 7 7 5 10 3 7 0 1 0 5 9 2 5 
27
4 2 10 7 10 0 6 0 0 9 10 8 4 7 3 6 1 10 10 9 9 2 2 4 1 0 0 
4
9 10 4 5 
30
8 1 7 9 10 4 5 8 0 4 3 3 3 1 8 7 5 8 6 0 0 5 8 5 7 5 7 9 8 0 
25
3 6 9 9 1 3 2 0 3 9 9 3 8 9 7 10 6 7 6 5 8 1 1 1 8 
29
0 8 1 9 10 10 10 7 0 2 5 3 2 9 2 6 1 10 2 5 8 6 9 3 4 5 8 4 8 
37
8 3 6 9 3 2 4 9 9 10 9 7 8 2 7 0 3 10 2 9 3 8 7 3 6 0 9 4 8 6 7 7 6 1 3 9 2 
11
8 2 1 3 4 0 6 1 5 2 1 
16
9 0 8 2 10 1 3 10 0 5 7 4 9 9 4 5 
43
0 3 9 10 9 6 7 1 0 0 6 6 8 0 6 0 0 7 8 7 5 3 4 8 3 8 2 2 3 3 6 4 3 6 1 9 2 3 1 5 2 5 0 
6
2 1 9 9 7 6 
12
6 1 3 5 3 3 5 7 8 0 4 0 
19
9 3 1 1 5 1 5 4 2 3 4 2 6 2 1 1 4 7 4 
47
4 9 9 7 5 8 6 6 6 4 2 8 4 4 2 9 4 7 0 8 0 0 1 10 8 8 8 10 7 4 8 0 7 3 1 1 1 4 1 4 8 1 7 1 7 1 6 
23
3 6 0 5 9 8 9 4 1 3 9 4 0 5 3 2 10 6 0 10 6 3 1 
48
10 2 7 5 7 5 0 10 3 3 5 8 7 3 4 4 10 8 2 3 1 6 5 9 10 1 8 2 10 9 2 8 4 9 4 9 4 3 7 1 7 8 0 6 1 3 5 6 
24
10 9 1 6 4 9 9 10 2 5 3 5 3 6 2 2 5 8 9 2 2 6 9 3 
21
6 7 2 1 2 4 6 7 8 4 5 4 5 4 6 9 10 9 4 9 8 
4
3 0 8 9 
23
0 7 6 9 10 9 0 3 8 1 7 1 10 8 9 0 7 8 8 10 10 8 7 
27
4 6 1 6 8 9 4 2 10 0 0 0 10 4 7 9 7 10 9 9 2 8 1 2 0 2 3 
18
4 2 9 6 5 4 1 3 10 1 9 2 9 6 8 5 3 0 
11
9 5 2 6 0 0 3 6 7 5 7 
17
3 4 8 4 3 1 10 9 3 3 7 4 7 4 0 9 3 
30
9 8 3 8 8 4 0 5 0 8 3 5 9 5 8 6 9 7 9 10 9 10 3 1 8 0 4 5 5 1 
16
9 3 0 4 8 7 1 2 5 6 5 2 1 10 1 3 
34
7 3 1 1 9 2 1 2 5 4 0 9 4 5 4 6 6 6 9 0 6 5 3 0 0 5 9 2 6 9 2 3 9 6 
48
0 2 10 1 1 7 6 10 5 9 4 7 6 10 6 6 5 1 8 8 9 3 0 1 7 6 10 2 4 1 2 0 8 1 5 9 7 8 6 7 1 4 9 4 6 10 8 5 
32
7 3 3 0 2 10 4 5 8 5 10 3 3 10 2 3 8 3 5 2 7 4 9 10 8 7 0 9 3 3 6 1 
28
4 6 3 4 8 3 2 7 6 5 5 7 0 8 5 5 2 0 8 10 9 5 5 0 8 6 4 0 
49
4 9 5 8 6 2 5 7 0 3 2 0 10 5 0 7 10 1 2 0 10 1 10 8 5 9 2 3 2 5 4 9 2 5 4 5 0 9 10 9 7 9 6 8 3 9 7 10 2 
48
2 4 4 7 3 0 9 4 10 4 4 9 10 8 0 10 0 3 5 10 10 4 9 9 2 7 10 4 5 10 8 10 3 8 8 1 4 9 6 8 6 6 7 8 8 1 9 5 
28
4 6 3 10 2 6 6 9 7 1 1 8 3 7 0 5 8 9 0 4 7 4 6 2 3 10 0 10 
39
4 3 1 0 2 5 10 7 2 0 10 7 0 9 4 4 5 2 3 6 5 6 4 6 7 5 4 1 3 0 5 6 10 4 0 8 3 4 7 
12
2 9 5 5 4 7 2 1 8 8 6 1 
5
5 9 7 6 8 
2
1 4 
5
9 4 2 9 7 
36
7 8 1 5 8 8 4 0 5 2 7 10 2 0 8 9 5 8 4 3 10 6 6 0 7 1 9 4 9 7 9 9 10 5 6 7 
42
0 0 6 8 10 1 0 5 0 0 7 9 0 8 6 7 10 1 9 1 3 10 5 7 3 0 7 4 3 4 0 5 10 6 0 7 1 2 6 1 2 5 
41
3 9 1 4 2 1 8 7 10 5 7 1 10 9 4 8 8 0 2 3 4 9 7 7 7 2 3 5 4 2 2 2 10 0 4 0 2 3 1 7 4 
27
3 0 3 4 5 4 7 7 4 0 8 0 10 9 4 0 0 8 5 9 5 10 9 2 9 3 6 
36
6 9 5 3 4 5 6 7 9 2 3 9 2 7 8 2 10 8 4 4 3 3 3 6 1 6 6 5 1 5 2 10 8 6 9 6 
31
2 3 10 10 7 4 5 4 2 1 7 10 10 5 10 0 10 3 3 10 7 0 0 8 0 4 2 7 1 10 2 
26
9 8 2 3 5 5 2 0 10 10 2 0 0 10 10 2 9 9 7 6 5 1 3 9 4 9 
45
7 3 1 6 5 2 1 0 3 3 4 5 2 3 9 4 9 5 2 5 10 3 9 6 0 6 2 8 4 5 0 6 9 6 6 4 5 0 0 4 2 5 5 2 2 
8
0 0 4 10 0 4 9 5 
38
6 6 8 0 6 3 8 4 9 7 7 6 6 10 7 1 3 3 1 0 2 6 4 10 10 1 0 9 6 5 10 10 9 1 7 8 8 3 
36
1 9 1 8 2 0 5 8 0 7 2 10 0 9 9 1 2 1 1 3 4 10 7 2 6 0 0 7 6 6 3 3 9 0 4 7 
40
9 3 2 8 1 7 3 9 2 8 7 0 0 5 1 10 10 1 4 6 3 5 3 5 8 6 4 8 4 6 8 8 0 0 6 3 1 10 0 6 
6
5 5 3 7 7 9 
7
9 7 3 4 8 6 7 
2
0 9 
19
4 0 1 9 7 0 3 2 2 6 6 1 5 3 4 4 3 9 0 
26
3 4 0 2 4 0 9 5 1 6 3 0 5 1 0 4 1 7 4 9 5 3 0 7 8 3 
28
7 6 10 10 9 6 3 9 3 10 10 6 10 2 4 7 3 10 3 4 9 6 3 9 0 2 4 7 
2
0 0 
49
5 5 1 2 0 2 5 0 10 7 10 1 2 4 6 10 3 8 2 3 2 9 5 5 1 0 7 8 6 5 9 1 10 1 6 8 3 6 1 2 0 4 7 9 4 1 8 2 6 
13
0 1 2 8 7 3 0 7 3 10 8 9 10 
16
7 6 4 10 9 2 2 5 9 7 9 8 2 10 10 7 
49
6 4 0 4 9 9 9 6 1 8 0 4 3 4 2 6 1 4 3 9 9 6 6 1 0 3 1 9 6 8 9 2 7 9 4 0 6 1 6 2 8 1 7 1 10 3 5 10 4 
21
4 0 1 7 8 8 9 6 2 9 9 0 9 10 7 7 10 8 5 9 1 
17
1 6 1 6 6 3 10 5 6 5 4 7 7 7 5 8 9 
46
0 1 9 1 4 6 1 5 6 2 4 9 8 7 8 7 0 7 6 1 6 1 1 5 3 5 7 10 1 6 0 7 9 7 10 10 10 9 7 4 5 1 8 2 2 10 
34
10 10 2 4 0 8 1 0 0 1 9 5 10 4 10 6 5 10 1 2 5 4 8 1 0 5 1 7 7 1 6 6 7 4 
32
1 8 0 7 0 8 3 1 6 3 4 0 5 3 9 1 6 5 2 4 6 2 0 1 3 7 8 2 2 2 7 10 
32
6 3 4 1 6 6 5 5 9 8 9 3 3 0 3 3 8 1 6 10 3 5 2 9 1 7 6 5 3 7 7 7 
15
3 1 9 9 7 5 10 6 8 0 0 9 3 8 6 
50
3 8 3 10 0 2 0 4 3 7 9 8 2 8 2 4 1 4 9 7 3 1 3 3 4 0 8 10 8 1 2 3 8 5 6 1 7 4 0 1 8 0 6 7 1 6 3 7 10 7 
25
10 8 10 1 6 1 9 4 1 6 2 3 4 8 7 8 4 4 10 4 10 10 7 10 9 
12
0 1 7 2 0 1 3 10 6 9 0 10 
1
6 
21
0 3 1 3 10 1 6 7 2 6 8 0 6 10 3 8 1 5 9 2 3 
11
10 8 2 8 2 2 0 10 0 0 5 
4
9 1 0 0 
42
9 4 0 6 6 1 8 7 4 5 2 5 5 2 9 5 10 7 7 1 4 1 7 4 9 8 0 6 6 9 9 6 3 1 10 3 9 4 4 4 6 2 
44
9 8 5 5 2 7 1 8 8 5 6 1 2 8 1 0 2 1 1 5 4 7 1 3 0 0 2 5 8 2 7 4 3 7 3 7 3 10 8 1 6 3 0 1 
15
7 8 10 1 1 9 10 1 3 6 6 3 3 5 8 
48
9 6 1 3 7 9 3 7 8 6 1 9 3 6 1 9 10 4 5 5 1 0 1 9 9 10 3 5 7 5 2 6 9 7 5 4 4 3 8 7 2 6 7 6 2 2 0 2 
18
8 9 6 1 1 8 3 7 1 3 7 2 10 6 5 4 9 0 
18
6 4 0 1 4 6 5 4 6 1 1 2 8 4 1 9 8 6 
38
2 3 10 9 9 10 8 8 5 2 2 2 3 1 6 10 8 4 7 10 5 0 6 10 9 5 3 4 2 6 4 1 5 9 10 6 9 5 
48
0 3 1 7 3 6 9 3 7 6 6 10 9 5 0 6 4 10 2 3 7 9 1 1 0 0 5 0 9 6 4 4 1 9 0 6 3 5 5 10 5 1 0 10 0 8 10 7 
17
3 6 9 5 3 6 10 9 2 8 5 8 1 2 5 2 7 
29
5 9 4 10 4 4 6 0 0 10 7 4 1 4 2 1 10 2 4 6 6 5 4 6 6 1 9 1 4 
31
1 8 3 4 3 8 4 0 0 1 5 4 6 7 2 10 1 1 0 5 1 9 4 10 3 1 9 1 8 0 6 
42
7 7 6 7 8 7 6 0 9 0 6 10 5 7 10 0 6 4 0 5 8 2 5 4 2 10 3 1 9 6 9 1 1 4 0 4 3 8 5 9 9 9 
3
3 7 1 
29
7 8 7 7 10 10 7 8 7 0 2 5 6 4 2 9 0 1 5 5 8 4 1 10 3 5 0 0 9 
5
10 0 8 5 4 
50
1 1 2 3 5 2 3 6 3 0 2 7 6 0 8 1 3 9 5 2 7 7 9 6 3 10 4 0 6 4 5 0 2 2 7 4 10 5 2 9 7 8 2 9 7 3 5 3 3 9 
32
5 3 10 10 4 1 7 9 1 2 3 0 4 10 6 7 2 4 3 2 9 7 1 10 2 3 2 0 6 6 4 4 
23
0 7 1 10 6 4 0 1 5 0 8 5 6 9 10 3 3 9 8 8 9 0 6 
40
1 5 9 3 5 0 1 2 2 0 8 3 1 7 0 6 10 8 8 4 4 4 4 5 6 5 7 10 4 2 1 5 2 3 5 9 3 8 8 0 
43
5 8 6 2 7 9 7 7 7 1 9 3 6 10 6 4 0 6 2 2 2 6 0 2 3 8 3 7 7 7 7 0 6 3 2 10 0 5 9 5 6 2 10 
6
6 10 8 5 9 8 
34
4 4 6 1 0 6 7 3 4 8 10 1 2 8 6 2 3 3 2 5 10 4 3 4 5 10 2 6 8 5 0 10 4 6 
19
7 3 0 10 3 9 9 9 10 2 0 6 9 5 7 8 0 6 7 
42
9 10 6 0 1 6 5 2 9 3 5 5 3 1 5 5 10 10 10 7 7 4 9 2 7 6 0 9 1 4 5 2 7 10 10 1 4 6 3 4 3 0 
11
3 4 2 6 7 4 3 3 7 8 1 
16
10 3 5 8 7 9 3 2 2 10 1 1 2 8 5 9 
36
3 9 9 8 8 9 6 4 9 1 9 1 7 3 7 5 6 1 0 0 1 10 1 5 0 4 7 3 6 7 9 4 5 4 4 1 
9
2 6 9 8 2 7 2 7 7 
10
1 9 7 0 0 7 6 6 0 9 
28
8 3 5 7 7 2 3 0 10 0 8 5 10 6 5 3 2 4 2 10 5 6 9 3 4 9 3 8 
25
10 2 2 6 7 6 9 5 4 8 9 4 2 10 1 8 6 0 1 2 2 10 7 8 10 
6
4 2 9 3 10 6 
10
0 10 0 5 0 2 7 0 5 6 
45
8 3 1 8 5 10 8 8 1 9 7 7 4 4 5 7 8 1 3 9 5 4 10 0 7 3 5 1 8 0 3 7 4 5 0 5 10 4 6 3 1 10 0 0 6 
20
5 8 5 4 7 8 10 9 6 0 7 0 4 0 0 0 10 7 1 1 
38
7 8 5 9 4 10 8 7 7 10 10 9 9 5 4 8 9 7 8 2 5 1 10 3 3 0 0 5 8 6 4 3 2 4 3 6 2 3 
33
4 8 8 3 6 4 1 3 4 6 7 9 2 5 3 3 9 0 3 7 2 10 10 10 3 0 6 3 6 5 2 3 9 
20
8 0 10 0 10 4 9 3 3 6 1 8 1 3 7 9 7 8 10 8 
17
1 2 1 0 3 1 5 5 1 7 3 5 3 1 10 3 0 
28
3 10 8 6 0 6 9 1 0 1 6 3 4 6 9 7 5 4 2 3 3 1 9 6 1 7 4 2 
17
1 10 8 6 3 9 10 1 2 3 9 4 3 0 6 6 10 
38
4 0 5 1 3 1 1 8 8 1 2 9 3 3 2 9 8 0 7 3 4 3 9 6 0 2 2 3 2 3 3 2 9 10 8 4 7 2 
5
0 0 5 1 2 
24
5 10 0 9 3 7 2 9 6 8 4 9 1 6 3 4 4 9 0 1 7 4 6 6 
42
0 8 4 5 1 4 4 1 10 1 0 8 0 10 5 0 10 5 4 8 4 6 0 6 5 5 1 10 3 1 6 7 7 9 0 3 0 5 10 4 5 10 
32
5 8 10 5 2 8 0 10 5 5 10 5 4 8 10 10 5 9 5 3 1 10 8 10 2 7 1 8 4 4 2 7 
50
7 5 10 3 2 1 1 4 3 8 9 1 3 7 7 0 5 8 9 5 4 5 4 3 6 6 10 3 9 2 2 10 4 3 1 7 0 5 3 10 10 6 9 2 9 0 6 7 9 8 
41
9 6 5 0 1 10 1 5 10 4 0 4 4 0 3 1 2 1 3 5 5 1 0 5 9 4 9 3 4 2 10 6 6 5 9 8 7 8 7 8 9 
4
2 10 4 8 
12
6 1 4 6 0 9 10 8 9 3 1 0 
17
7 6 10 9 2 8 8 7 3 7 3 5 9 3 9 3 1 
45
0 10 1 7 4 10 0 10 8 7 4 9 0 2 6 6 3 5 1 4 2 8 9 9 1 0 5 3 4 2 2 5 10 1 10 7 6 2 6 1 7 2 6 9 2 
12
6 8 10 6 10 1 0 1 9 10 0 4 
12
10 2 1 7 0 6 7 6 3 5 8 5 
27
6 4 0 3 1 7 1 5 10 0 4 6 6 10 9 6 8 9 4 9 2 1 6 3 5 0 8 
2
0 7 
44
9 5 0 3 5 8 1 0 6 6 3 4 4 4 9 6 8 1 6 2 0 5 0 8 9 8 10 10 4 0 4 0 3 9 10 9 2 7 8 4 4 0 9 2 
31
7 0 4 9 0 8 6 6 6 9 3 2 4 8 0 6 1 3 4 6 1 7 4 8 1 8 4 5 3 5 6 
46
2 9 9 2 4 2 9 8 9 8 1 8 5 9 2 8 6 10 3 5 9 3 6 0 0 9 6 6 4 4 8 0 3 10 9 9 2 5 8 6 9 5 4 8 10 1 
9
6 3 2 0 4 8 3 9 10 
8
7 2 7 0 3 4 10 6 
12
4 10 3 1 6 5 9 2 2 4 6 1 
9
6 2 1 3 8 3 6 0 9 
40
3 9 2 6 6 7 3 1 10 7 3 7 5 7 4 5 10 7 4 3 0 7 3 1 0 0 9 9 10 6 9 8 4 0 5 1 3 3 8 6 
37
7 6 7 5 4 7 7 2 5 6 9 3 10 7 8 7 0 3 0 7 9 8 0 2 9 5 1 6 6 3 10 5 7 5 4 0 5 
48
1 1 9 9 10 10 5 7 2 0 6 9 7 4 3 7 2 1 5 7 10 5 4 9 2 7 8 8 4 2 0 0 8 8 4 1 6 4 4 1 7 3 6 2 5 7 3 8 
41
1 9 2 5 3 2 1 1 3 7 1 2 7 1 3 3 7 6 5 0 7 9 4 5 0 6 5 5 0 7 8 6 0 5 3 1 2 10 4 7 10 
41
8 1 0 1 8 3 2 8 10 3 6 7 2 5 7 10 7 3 9 6 10 1 3 3 10 1 2 6 9 7 4 6 3 6 3 4 2 1 0 9 10 
22
4 0 9 0 1 7 8 8 1 1 4 10 0 7 2 7 7 0 5 4 7 3 
15
1 9 10 3 0 4 8 2 3 1 8 10 8 10 10 
47
7 1 5 4 3 6 6 10 9 6 7 10 5 4 0 5 6 10 9 5 5 3 4 9 3 0 8 0 1 6 3 0 5 0 9 10 5 4 6 10 7 3 2 1 1 4 8 
15
4 9 0 8 5 7 8 7 5 9 3 1 6 5 10 
12
7 9 3 3 7 3 10 6 4 2 8 7 
11
4 3 9 5 8 7 5 9 10 5 5 
22
4 3 4 9 6 7 8 10 8 8 0 9 1 6 4 6 8 2 3 1 5 9 
49
7 6 2 9 7 7 1 5 8 5 10 5 2 4 2 8 9 8 4 5 5 9 4 4 4 8 9 1 6 10 8 0 3 2 6 6 7 6 7 8 10 3 7 10 1 8 9 3 5 
34
4 3 9 9 4 3 4 8 9 0 7 3 4 6 10 0 5 10 0 8 3 5 4 9 10 4 6 8 9 2 4 9 5 1 
50
2 6 6 10 5 6 6 6 7 10 3 4 8 4 5 2 9 10 2 1 3 9 4 8 6 10 3 0 1 5 8 2 10 0 0 4 1 0 8 8 5 3 0 4 4 3 3 5 6 7 
14
0 1 1 2 8 6 5 0 1 0 0 5 8 10 
50
3 3 10 2 1 6 0 9 7 8 9 5 2 8 3 8 4 5 4 1 9 3 2 0 6 4 2 5 10 2 4 2 7 0 8 9 4 5 9 8 1 7 2 1 10 9 3 5 9 4 
12
5 2 4 8 10 5 5 4 8 7 2 1 
25
10 9 8 5 7 8 0 10 6 0 0 1 2 6 7 5 6 10 9 4 10 9 10 10 6 
2
1 4 
8
3 1 5 1 4 10 4 10 
19
3 5 2 5 3 4 1 9 8 2 7 2 8 10 4 8 7 7 6 
31
7 5 0 3 7 3 8 0 5 9 6 4 3 5 6 8 8 0 1 7 2 3 9 5 6 8 0 1 0 2 4 
36
5 10 6 10 2 0 8 3 9 5 6 6 5 5 3 7 0 4 10 1 1 5 1 4 8 9 3 8 4 5 10 10 5 7 1 1 
15
2 6 8 6 4 9 7 1 1 9 8 2 9 4 8 
28
0 5 5 10 1 10 6 5 1 0 6 8 10 2 10 1 10 2 7 10 9 4 5 10 0 3 4 6 
50
3 9 8 0 5 2 6 0 1 0 9 9 7 4 1 10 1 8 10 5 10 7 2 10 4 6 10 4 10 8 0 8 2 7 10 10 2 3 2 10 10 8 10 9 4 7 4 4 0 5 
24
8 7 2 10 9 2 7 5 0 7 3 4 3 0 7 7 0 0 0 2 5 0 5 0 
42
7 2 5 1 5 2 4 7 7 7 2 7 4 4 5 7 2 9 1 8 8 4 8 1 7 6 9 6 6 10 4 9 10 2 2 10 7 6 10 1 9 6 
8
2 1 0 10 10 7 5 10 
20
4 1 8 3 9 7 8 7 10 1 3 6 3 9 3 6 0 9 2 1 
30
5 0 3 2 8 7 5 2 0 10 10 5 10 5 4 4 9 3 10 4 1 9 2 3 7 6 6 2 1 9 
36
2 1 9 7 9 10 1 2 3 0 6 7 8 4 0 8 10 5 2 5 8 8 3 5 2 0 8 3 3 9 2 0 2 1 2 2 
39
9 3 9 10 10 3 7 3 9 9 3 8 1 7 0 7 9 1 4 0 0 2 4 6 6 5 6 0 8 1 9 7 5 9 1 9 5 5 7 
19
3 2 0 9 5 7 7 2 3 5 2 1 9 3 9 3 2 1 0 
18
2 9 3 2 6 1 5 6 2 10 7 4 6 6 2 7 10 1 
21
8 1 9 6 3 5 8 10 6 5 1 7 6 3 4 5 7 8 10 2 8 
49
10 6 6 6 9 0 10 5 0 4 2 10 8 7 10 3 8 4 6 2 0 0 1 2 6 3 10 10 1 9 4 8 5 3 0 2 6 2 5 0 4 10 8 3 8 2 2 7 10 
10
5 6 3 5 9 6 0 1 9 10 
11
6 4 6 5 2 6 6 5 4 3 10 
28
3 4 9 0 0 5 0 5 10 3 0 1 5 2 5 1 7 3 9 0 10 10 8 3 2 6 8 9 
35
10 2 5 10 2 8 7 10 3 8 3 0 8 4 5 10 5 5 7 6 5 3 2 8 8 1 8 10 2 4 10 9 1 8 10 
5
1 8 5 6 2 
42
10 2 9 5 8 0 2 7 10 9 9 10 9 1 2 3 4 5 6 10 0 1 8 4 4 0 5 8 5 8 3 4 6 9 8 8 7 5 10 7 7 5 
21
6 4 4 6 3 4 4 10 10 8 7 6 0 8 9 8 4 7 3 5 5 
10
0 8 5 5 5 7 10 5 2 3 
1
4 
43
10 9 1 5 8 9 1 1 4 4 10 4 5 1 1 10 6 0 4 10 1 7 9 6 3 3 3 0 5 4 4 7 10 10 5 6 2 7 9 2 3 4 10 
14
9 7 0 8 6 2 5 1 0 7 9 0 10 10 
10
5 9 3 3 6 7 5 6 7 6 
3
10 0 9 
12
9 9 4 5 3 9 9 1 10 9 0 3 
2
4 1 
47
7 0 9 6 2 1 2 9 2 9 3 4 7 9 10 6 2 2 4 0 3 3 6 1 2 10 7 8 9 9 9 6 9 9 4 6 3 3 5 1 10 2 8 8 7 8 7 
5
5 8 7 10 2 
43
7 7 5 7 4 6 6 0 6 10 2 3 8 9 6 1 7 7 10 5 10 6 10 5 10 3 3 6 9 1 10 5 9 4 9 1 5 6 8 1 4 6 0 
14
9 6 0 4 10 3 0 0 1 7 10 3 9 4 
23
2 7 1 8 10 6 9 4 4 10 7 6 3 3 9 4 9 5 9 5 5 1 3 
20
7 0 9 0 5 1 2 9 3 3 8 7 10 9 3 10 6 3 2 3 
46
0 6 7 3 0 9 1 9 9 6 1 8 8 4 8 3 9 3 3 8 0 2 9 8 2 4 5 5 1 10 4 10 10 2 4 4 6 7 6 1 0 0 0 7 1 6 
19
2 2 4 4 10 2 9 8 10 5 6 4 5 7 3 2 10 3 5 
24
1 1 5 6 5 3 0 4 3 4 2 1 10 9 8 0 1 7 6 9 2 6 7 0 
11
3 7 7 0 10 1 9 4 5 2 1 
19
3 3 3 8 3 5 6 1 0 7 7 7 2 6 7 10 6 6 10 
24
10 1 3 8 5 1 10 10 4 3 8 2 0 7 5 8 10 1 9 1 5 1 4 3 
21
0 2 4 9 2 2 8 4 3 8 4 3 10 7 9 5 2 9 5 8 10 
43
5 4 3 7 10 0 3 2 0 9 6 0 4 5 7 8 5 7 2 4 7 0 7 7 8 5 6 4 1 8 6 4 9 5 10 5 2 10 8 5 5 2 6 
3
4 4 4 
1
0 
5
3 2 9 7 7 
37
10 0 1 4 5 1 10 9 8 2 9 6 1 3 0 2 0 1 8 7 8 2 7 8 10 0 9 2 6 9 8 6 4 0 8 5 7 
20
2 2 10 3 5 2 5 5 5 5 9 10 2 3 9 2 1 5 7 7 
28
6 0 5 1 10 8 9 8 1 9 9 10 10 9 5 4 5 7 4 1 3 3 3 9 6 3 0 7 
8
5 0 4 6 6 5 8 6 
37
1 3 6 8 8 0 10 8 6 5 3 1 6 8 7 5 6 1 1 7 0 0 9 3 4 0 9 6 10 1 7 0 8 8 2 9 9 
12
4 8 3 2 9 10 6 5 2 0 6 0 
9
0 9 5 6 4 4 10 8 3 
3
0 7 3 
10
4 4 5 0 9 6 4 7 9 3 
6
7 3 5 5 3 9 
14
4 2 9 1 8 4 10 6 1 10 7 3 1 4 
14
3 9 9 2 3 5 3 4 5 3 5 7 0 8 
19
4 10 9 6 5 4 6 7 10 9 6 0 4 0 1 5 1 6 4 
2
8 6 
7
1 1 2 9 9 9 0 
3
10 1 2 
31
8 7 0 0 2 6 4 3 5 9 0 3 10 0 10 4 5 9 9 4 2 5 9 1 4 7 9 10 9 9 4 
26
0 2 8 3 4 5 5 9 3 7 1 6 4 4 1 10 7 2 2 4 5 6 3 4 0 4 
25
6 0 0 0 8 7 2 10 7 5 9 10 9 6 7 7 2 5 8 7 10 2 3 10 10 
31
9 4 1 0 9 1 4 7 9 4 3 4 2 2 2 1 1 9 3 5 1 3 1 2 5 4 9 3 4 7 5 
28
10 10 3 7 1 9 0 3 2 9 10 3 2 3 7 1 9 6 4 0 0 7 2 1 3 1 9 3 
44
3 2 0 6 7 1 3 4 1 1 10 4 8 10 8 9 8 4 9 0 7 4 8 10 3 2 2 8 0 8 10 10 6 6 6 0 5 0 3 0 8 1 6 0 
23
2 10 1 2 6 5 6 5 8 2 5 9 9 0 7 8 2 1 3 0 3 10 5 
24
8 9 2 0 4 5 4 8 8 1 5 3 6 1 10 0 9 3 1 2 7 2 9 6 
47
8 7 9 9 1 7 4 9 9 2 5 2 1 6 4 0 2 1 2 2 5 5 3 0 6 4 9 1 2 0 8 1 3 1 9 1 2 3 7 4 10 2 1 8 3 8 9 
49
3 4 8 6 9 7 2 2 5 2 0 5 8 0 10 4 10 4 5 2 7 8 9 5 1 9 0 4 9 5 0 10 0 1 6 3 9 10 6 3 10 7 9 8 4 9 6 2 8 
18
2 0 4 4 2 5 4 4 3 0 0 2 6 9 1 8 4 7 
43
2 3 8 7 2 10 7 4 5 0 7 9 8 5 0 2 9 5 6 4 1 2 2 5 0 8 10 1 0 2 1 3 2 2 0 10 9 10 1 7 7 6 4 
40
4 0 8 5 2 6 4 5 1 10 3 1 3 10 7 3 1 10 9 10 5 6 0 5 4 8 8 1 5 7 1 4 5 1 3 5 4 10 8 5 
41
9 2 8 0 2 5 5 2 3 4 9 2 4 2 4 5 1 4 9 4 8 3 7 4 9 5 8 6 8 9 1 9 0 2 0 7 7 0 10 9 6 
36
4 3 7 1 7 0 7 4 7 4 6 5 5 4 5 10 7 6 5 5 9 2 7 1 0 7 10 6 6 2 4 0 2 0 2 0 
42
10 2 9 6 4 6 0 8 3 8 8 9 3 3 3 3 1 3 9 6 6 8 10 3 5 10 9 0 0 8 0 3 6 8 8 7 4 3 3 2 8 5 
25
10 3 9 3 3 9 9 9 1 7 0 7 10 5 6 8 4 5 1 5 10 9 0 6 1 
29
10 2 8 1 0 3 3 4 9 1 10 4 7 10 0 7 1 9 6 9 2 10 7 7 6 3 0 4 1 
47
10 8 0 7 7 7 4 1 3 8 4 6 2 8 2 1 9 3 10 10 0 10 7 7 3 7 4 8 8 3 0 9 0 9 3 6 5 9 0 2 6 4 3 5 5 3 5 
44
1 1 1 3 1 6 8 2 9 1 9 1 1 5 5 3 8 10 5 0 4 5 6 0 0 1 8 7 5 6 6 3 4 7 3 0 7 1 8 4 7 2 4 5 
33
7 7 9 6 7 1 7 10 7 2 5 2 9 4 6 8 6 8 6 4 7 7 9 4 0 10 2 10 0 1 10 7 10 
5
6 9 8 6 9 
49
3 7 7 2 8 0 0 6 1 5 3 10 4 6 5 2 4 3 8 1 2 1 5 1 6 7 4 7 5 4 7 9 8 7 5 3 1 2 8 7 5 0 10 2 0 0 4 5 6 
27
6 4 2 9 9 2 5 2 8 0 4 4 2 8 9 2 1 3 10 3 6 3 3 3 4 4 6 
15
10 2 3 3 9 0 4 10 7 7 2 4 6 7 0 
35
2 0 7 1 0 4 3 3 3 5 7 7 10 6 5 6 8 5 2 2 0 4 9 10 6 7 1 8 7 8 8 0 9 7 6 
20
3 3 0 1 5 8 10 3 6 7 3 3 10 10 3 2 7 4 2 4 
10
10 3 1 4 3 10 8 5 8 3 
47
8 2 1 0 5 6 3 9 10 2 5 8 7 7 9 8 5 1 4 1 0 7 1 7 9 1 1 8 10 8 10 1 2 4 9 0 6 5 4 10 0 6 6 0 2 1 1 
21
9 1 10 5 10 8 5 10 9 3 10 10 9 0 9 9 2 7 8 5 2 
34
7 4 8 4 10 7 0 1 8 2 4 9 9 5 7 5 3 5 10 3 3 7 10 2 1 7 10 4 5 7 1 7 5 4 
33
9 0 0 0 7 1 6 4 8 6 10 7 8 0 3 1 4 6 8 1 8 9 0 1 3 6 0 5 8 3 7 6 4 
16
7 6 7 9 6 4 7 6 9 5 1 6 1 4 1 2 
14
6 7 2 1 2 9 4 5 0 8 8 8 3 2 
43
0 2 9 5 2 1 9 1 1 0 1 2 10 2 3 2 6 5 5 6 4 10 2 7 2 0 6 5 8 3 10 10 3 8 7 3 5 7 6 7 7 1 2 
38
7 4 1 2 0 7 7 7 7 1 2 1 5 8 10 10 6 10 9 3 6 8 1 3 2 7 0 10 6 3 6 4 2 6 3 5 2 2 
36
10 2 7 9 3 7 5 1 8 10 0 0 4 1 1 8 10 2 6 6 5 1 1 8 9 6 7 4 5 8 6 8 4 0 6 7 
15
8 3 5 2 2 2 4 6 3 3 2 10 6 3 6 
36
4 1 9 4 5 5 3 1 2 5 2 6 1 4 9 8 6 1 2 10 2 3 5 6 4 8 0 0 10 10 10 6 2 4 8 3 
36
7 2 7 4 6 10 4 9 2 7 7 3 9 3 6 7 7 6 6 3 10 6 1 1 3 2 1 0 6 1 3 9 6 2 5 8 
26
2 5 9 9 10 10 9 2 2 5 6 8 10 10 4 3 7 9 9 8 7 4 5 4 10 5 
18
4 10 7 0 1 9 8 8 6 1 4 7 8 0 4 1 4 3 
44
4 6 10 4 8 8 10 8 9 7 1 7 2 7 0 7 6 8 1 2 7 8 0 4 9 7 3 5 10 6 2 10 9 10 0 6 10 4 0 3 7 6 7 0 
10
7 3 6 3 4 0 1 4 10 2 
1
8 
30
8 3 4 3 10 4 1 5 10 3 7 4 10 10 8 0 8 2 4 5 5 7 1 7 3 0 8 9 2 1 
19
8 6 1 5 2 4 5 5 6 10 2 10 9 1 3 3 5 3 5 
24
0 0 3 3 4 7 10 2 7 3 0 2 1 1 6 5 9 6 0 7 10 4 2 4 
42
2 9 9 5 3 6 8 0 8 0 6 1 7 8 10 5 2 8 7 7 4 4 10 9 6 4 8 9 9 5 10 4 6 7 10 2 3 9 9 9 0 5 
23
10 9 6 9 9 8 4 7 1 6 8 10 9 2 0 1 8 4 9 2 3 7 3 
9
8 5 10 7 0 2 3 10 7 
12
9 0 1 5 5 6 6 4 2 6 4 1 
20
6 4 3 6 3 2 8 4 3 2 6 7 6 0 7 4 8 9 0 2 
45
0 6 3 8 3 8 0 9 7 8 0 3 7 8 2 8 9 8 8 4 7 2 7 8 10 2 4 3 7 7 5 2 3 2 3 10 9 7 10 10 2 6 6 4 3 
24
7 8 7 6 4 0 7 10 5 0 7 3 4 7 2 10 1 7 9 6 10 5 9 7 
46
9 8 5 8 0 9 8 3 10 10 3 4 1 3 9 0 9 1 5 0 1 9 4 6 1 8 3 8 6 9 7 4 4 10 1 5 9 2 9 7 2 9 7 0 4 2 
9
0 5 10 1 2 1 1 9 8 
25
7 2 3 3 6 4 7 5 6 7 6 9 6 4 5 4 3 0 7 10 7 0 6 2 7 
25
6 1 8 7 7 5 2 1 5 1 7 0 2 10 3 8 7 3 1 6 2 10 0 1 4 
50
3 6 6 3 3 3 5 4 7 4 7 6 8 8 9 9 1 0 3 2 9 0 1 4 4 5 1 6 7 7 2 1 0 10 6 0 7 4 9 4 2 6 3 4 7 6 1 0 4 5 
35
10 2 3 10 10 5 7 0 7 4 4 10 4 5 7 7 7 9 3 7 10 6 2 8 8 0 10 3 8 10 4 0 10 7 7 
40
6 0 10 7 4 9 2 2 1 10 7 8 1 7 8 5 2 8 4 8 8 0 0 2 2 9 3 10 3 5 2 3 2 10 3 8 0 2 4 9 
18
3 5 4 2 8 0 2 9 4 1 5 3 5 1 1 5 7 2 
22
9 8 5 0 7 10 3 8 2 3 0 7 2 4 3 3 8 3 7 1 5 6 
9
5 2 2 2 6 8 7 9 8 
34
6 9 9 2 0 7 4 3 1 0 6 0 9 10 2 5 2 6 6 2 4 0 9 10 0 0 6 8 10 3 6 4 3 4 
29
0 10 7 1 5 5 7 2 8 2 0 7 7 5 7 7 2 8 6 3 5 6 2 2 1 9 9 7 3 
37
1 2 9 0 0 0 10 10 9 10 4 2 10 3 3 7 5 3 5 9 6 0 4 0 2 4 10 3 10 1 2 0 5 0 0 7 0 
8
0 2 9 6 10 7 6 7 
42
9 9 2 8 8 8 0 8 5 0 6 8 2 8 8 3 7 2 8 6 10 7 7 0 3 1 5 3 2 3 0 9 6 0 2 2 9 1 6 7 7 5 
11
10 2 1 6 3 5 1 8 1 8 7 
41
3 7 3 6 10 9 9 6 6 0 8 8 10 9 7 1 6 10 8 6 5 5 7 3 5 5 1 2 7 2 2 6 4 9 9 2 0 8 8 6 10 
14
7 10 4 3 1 6 7 10 7 0 2 2 1 5 
46
5 9 2 0 7 8 10 3 3 7 8 0 8 10 3 5 0 0 2 4 3 6 0 8 10 6 3 5 8 0 8 6 6 7 0 7 4 6 5 3 5 0 0 1 3 4 
10
4 8 0 4 8 4 1 6 3 0 
9
10 7 2 3 3 7 9 3 0 
49
7 3 1 0 6 8 4 1 5 1 8 2 7 6 3 4 2 7 8 10 1 1 6 7 4 9 4 8 0 4 6 8 1 0 1 5 5 4 10 10 8 9 6 5 10 5 0 0 2 
24
3 9 9 7 7 2 4 6 6 6 8 10 8 0 9 0 5 10 8 3 2 10 7 3 
39
6 4 2 10 9 9 5 3 4 1 9 1 3 7 4 3 6 6 5 1 9 6 7 0 6 2 8 6 3 3 3 5 9 6 7 10 7 2 7 
27
2 6 0 1 5 5 5 8 9 3 6 1 0 0 6 3 3 3 1 2 8 6 8 5 9 5 5 
46
9 3 1 0 0 0 2 4 6 5 5 3 0 8 5 2 10 3 8 5 7 2 10 1 4 0 8 9 5 9 10 2 6 8 4 2 8 0 10 9 8 7 9 3 0 9 
3
10 5 4 
5
8 10 7 2 4 
33
4 4 4 8 5 2 2 6 7 10 4 6 7 3 2 7 1 4 6 1 9 5 10 8 10 10 2 5 3 5 10 2 1 
40
4 9 4 8 4 0 9 2 0 4 9 5 9 9 4 3 7 4 9 3 3 6 7 7 4 10 3 3 5 4 1 7 7 3 7 9 1 5 10 1 
17
4 7 2 8 4 3 3 9 7 10 6 0 7 4 3 7 8 
16
8 5 3 9 3 6 2 1 0 8 7 6 1 7 3 7 
45
4 4 0 3 9 2 3 5 0 5 8 3 4 4 3 10 7 2 1 3 3 4 7 0 1 2 7 7 7 9 1 7 2 6 10 8 0 4 3 10 2 5 9 5 7 
46
2 7 1 3 9 6 3 2 9 5 9 7 4 6 1 7 5 10 7 10 5 10 9 5 7 1 10 4 4 5 10 0 3 5 0 2 10 3 7 1 8 9 5 1 9 1 
33
0 8 1 4 1 3 4 8 10 7 1 2 1 1 10 3 5 0 4 1 9 0 8 3 9 4 5 2 6 0 5 1 1 
38
2 3 1 0 3 0 4 1 4 2 5 8 2 1 4 4 2 8 5 8 7 5 4 0 9 8 10 10 10 6 4 0 4 10 9 10 2 9 
39
7 5 4 1 6 5 8 8 2 4 3 7 8 9 5 0 3 0 2 0 9 10 2 5 4 8 8 5 4 3 8 8 5 3 6 6 0 5 0 
1
8 
18
6 5 2 8 8 10 1 4 8 10 5 8 2 10 2 5 2 8 
15
0 0 4 8 6 1 0 10 4 8 8 1 8 2 4 
22
9 9 1 3 2 5 5 5 3 3 7 10 7 8 4 3 3 0 1 7 3 2 
38
4 1 7 2 1 9 8 8 4 0 2 2 10 8 0 4 10 5 2 2 3 3 5 2 6 5 10 7 2 3 4 6 10 6 6 7 5 7 
46
10 6 10 8 10 9 6 10 2 10 4 4 4 5 5 1 10 1 4 0 1 1 8 8 1 7 10 3 10 5 0 5 10 1 8 7 1 5 9 9 4 3 7 2 6 8 
26
5 8 5 6 9 9 3 9 6 6 10 0 5 2 10 2 5 10 2 1 2 10 9 10 6 4 
1
1 
5
5 3 6 0 8 
42
1 0 3 4 6 0 8 1 10 8 4 10 1 5 9 10 5 9 6 3 4 9 2 1 0 5 5 0 6 9 1 6 5 10 8 10 10 4 4 8 1 2 
25
10 8 9 1 10 1 5 10 10 1 5 4 1 5 6 4 6 3 6 1 3 9 1 5 9 
5
3 9 6 3 7 
25
9 10 9 1 1 2 0 4 0 2 9 9 0 5 9 10 4 0 1 10 5 5 4 2 6 
19
0 3 6 0 4 4 7 5 6 0 9 2 5 3 10 4 8 1 2 
45
2 10 6 0 3 2 10 5 2 2 0 10 8 3 1 6 6 8 5 3 8 4 10 10 0 8 7 0 4 3 5 2 2 8 1 4 6 9 5 5 10 8 10 2 9 
34
9 6 7 8 6 1 4 5 7 10 1 9 3 1 1 10 4 7 2 4 3 9 7 8 6 7 0 0 8 4 10 10 10 6 
7
8 9 2 4 5 2 6 
23
9 3 7 0 10 2 6 8 0 2 2 0 6 10 10 9 7 4 4 0 7 8 6 
25
10 2 3 0 8 6 1 7 4 4 8 5 5 5 2 4 2 0 7 10 6 4 3 2 9 
36
8 3 10 10 4 0 0 0 5 10 3 2 9 0 10 9 9 4 0 1 6 7 10 9 3 9 8 5 4 6 2 4 6 3 4 6 
43
4 3 0 7 3 8 9 1 9 9 2 6 6 2 2 4 8 3 1 6 6 1 4 2 3 0 5 10 7 3 10 6 5 9 8 7 8 7 4 6 7 4 3 
30
10 6 7 5 6 3 8 10 1 6 2 3 8 0 4 6 4 6 8 4 1 6 5 9 10 9 5 6 7 7 
30
2 4 6 10 0 5 4 1 5 7 10 4 10 5 6 2 5 9 4 9 2 2 8 4 4 7 0 1 10 0 
28
5 2 2 9 4 2 7 5 9 4 2 10 8 7 3 6 6 2 4 6 5 0 8 2 3 4 1 3 
27
0 6 1 6 4 8 9 2 2 1 6 7 1 8 9 9 3 1 1 10 6 2 9 1 10 7 10 
1
3 
21
4 9 5 3 9 3 8 2 0 3 1 10 5 8 7 7 9 8 9 2 0 
48
2 1 2 6 0 8 6 6 4 3 2 7 5 5 10 10 0 0 5 8 2 9 6 1 1 2 10 6 10 2 3 3 2 8 7 9 5 9 4 0 7 5 1 10 10 1 7 6 
21
0 7 10 10 10 0 9 7 4 2 0 1 3 3 3 2 3 8 10 9 9 
17
4 7 3 10 10 8 10 8 1 1 1 2 3 9 6 7 3 
6
5 5 6 4 5 1 
35
7 9 2 5 0 8 6 6 10 9 7 4 8 5 7 4 3 8 1 0 9 1 10 4 6 5 0 5 10 8 2 10 4 2 5 
47
7 4 5 0 10 0 4 8 10 3 8 0 5 6 4 8 5 4 5 2 0 5 9 4 1 7 3 1 9 10 5 8 9 2 10 10 6 10 8 6 5 0 0 9 1 7 0 
6
5 2 7 4 0 0 
39
10 2 2 5 4 1 0 1 3 9 3 8 1 3 8 7 4 10 3 7 6 9 5 1 6 4 4 7 2 1 0 8 2 4 5 4 10 9 4 
16
4 1 9 6 2 6 10 5 9 5 5 4 0 6 5 5 
26
5 7 10 1 9 3 7 6 9 8 0 0 5 7 4 0 8 1 3 7 7 6 10 0 6 7 
17
4 4 6 8 9 1 7 3 3 0 5 9 3 8 9 7 7 
20
5 3 10 0 1 10 7 9 6 10 0 9 5 3 0 5 9 6 8 2 
34
4 9 9 0 7 4 1 3 5 1 9 9 1 2 9 5 8 7 4 7 6 9 3 10 2 6 5 1 7 2 3 8 9 8 
3
6 1 7 
29
9 3 1 8 1 7 4 0 0 9 1 9 1 0 8 0 5 4 0 1 1 3 10 8 7 9 7 9 4 
40
8 6 10 8 10 10 7 2 10 10 8 3 1 9 10 2 4 9 0 4 9 2 0 0 6 9 9 3 10 8 6 2 0 6 2 1 6 9 6 1 
11
1 7 8 10 7 0 9 7 8 0 2 
20
6 8 3 5 8 0 4 3 7 9 8 8 4 0 2 6 2 5 6 5 
6
7 4 4 6 2 8 
1
6 
23
0 1 3 1 3 0 1 2 5 1 1 0 8 5 0 5 6 2 7 9 7 2 2 
13
5 4 2 7 2 5 4 6 4 7 9 5 8 
18
4 7 6 1 3 3 2 6 5 10 6 10 0 10 3 2 0 9 
12
0 7 7 2 3 9 10 1 8 0 5 0 
33
1 1 1 4 5 4 7 7 9 0 1 4 0 3 7 3 7 0 8 5 5 8 7 2 1 3 4 4 8 2 8 6 8 
29
9 6 3 0 6 0 4 8 5 5 7 8 5 0 3 10 0 6 9 1 7 0 9 8 5 2 0 7 6 
33
4 0 5 4 3 1 2 5 7 2 1 7 2 2 7 4 5 2 4 9 0 3 2 5 5 3 8 5 5 3 9 8 2 
1
8 
31
0 9 8 0 5 1 5 9 1 8 2 8 5 1 7 3 0 10 3 1 1 2 6 8 3 7 9 2 4 8 1 
4
3 7 9 0 
41
8 8 3 10 1 5 6 5 0 6 9 8 7 8 7 10 4 9 8 7 1 10 5 8 4 6 7 9 8 0 7 8 4 9 8 7 0 8 1 1 7 
18
8 6 10 4 0 7 0 3 9 3 10 0 9 0 5 8 7 5 
49
2 2 8 4 0 9 10 4 5 3 0 2 8 5 2 8 9 6 10 2 2 5 7 0 7 1 10 1 5 0 8 10 4 4 7 2 1 1 9 2 7 9 10 7 4 2 7 10 10 
42
10 3 10 7 4 2 2 6 4 0 8 8 6 9 6 1 6 9 8 3 4 2 2 9 10 7 10 4 0 4 7 10 5 3 10 4 6 2 3 6 3 5 
16
4 8 5 8 1 5 7 1 9 1 7 10 2 6 10 7 
41
2 0 0 9 4 7 8 6 7 3 3 0 10 5 5 0 7 5 4 0 0 4 1 3 2 3 10 1 6 2 6 7 6 3 1 6 8 1 8 6 5 
8
6 2 2 8 3 7 8 0 
27
5 9 2 3 0 5 6 10 9 6 6 2 9 1 0 3 3 4 5 3 2 8 6 7 3 7 7 
13
5 2 5 1 6 4 2 6 5 3 0 10 8 
30
4 8 6 10 3 0 9 3 9 9 3 5 8 0 7 4 10 10 1 9 2 5 10 5 10 3 2 9 3 8 
49
2 7 9 5 1 6 10 9 9 10 10 2 10 10 1 4 10 4 3 8 6 7 9 7 2 3 3 0 9 3 6 6 1 0 9 7 0 0 10 10 10 5 4 0 6 7 9 3 0 
16
1 1 3 9 0 10 8 9 5 2 2 3 8 5 8 6 
3
5 4 1 
49
2 3 1 0 3 3 7 10 4 3 4 6 3 9 9 9 1 1 8 4 3 10 5 1 1 8 10 4 3 8 4 8 9 3 0 3 10 10 9 1 6 6 7 0 8 7 4 8 9 
9
6 1 3 5 8 3 6 7 8 
29
0 8 8 5 6 10 9 10 1 3 1 6 10 5 0 2 7 3 1 9 10 5 7 8 7 7 2 9 9 
25
5 6 5 6 5 10 5 5 0 10 5 0 10 1 2 0 2 2 5 5 8 8 2 7 8 
18
4 10 1 3 5 7 9 2 8 4 0 3 8 6 8 7 1 1 
8
10 8 3 2 3 9 4 5 
11
8 7 7 3 10 7 10 4 4 10 0 
22
9 0 6 5 2 4 6 9 3 5 2 4 10 0 4 10 1 0 6 10 8 10 
41
9 8 9 5 6 0 3 5 5 9 1 7 4 10 8 8 5 0 5 8 2 1 3 7 0 10 4 8 3 0 2 4 6 4 0 2 2 9 1 4 6 
49
7 7 3 5 9 10 9 2 2 1 4 0 10 0 2 2 5 6 9 7 10 5 6 1 1 6 7 8 3 5 5 0 0 7 10 10 10 5 2 8 7 1 2 0 2 8 8 8 6 
2
7 7 
36
5 8 7 6 8 8 3 9 4 8 3 6 6 7 2 8 3 7 6 7 7 4 5 2 3 3 9 8 1 2 10 3 0 9 0 3 
48
10 2 3 6 1 3 4 1 8 0 7 5 10 0 6 2 8 4 8 5 4 3 2 5 10 10 9 5 7 2 1 5 1 9 6 5 3 3 9 5 10 4 3 5 5 2 3 1 
22
7 9 2 8 5 4 10 1 10 5 3 9 5 4 6 8 4 0 4 0 8 3 
18
0 4 3 7 0 4 0 9 5 1 2 8 2 1 6 10 3 0 
8
3 2 3 10 9 10 2 3 
43
3 7 8 0 0 7 10 8 6 3 10 7 8 2 6 0 2 4 2 7 0 5 0 2 4 1 8 5 6 1 8 0 0 4 8 3 5 8 0 2 3 3 5 
39
7 8 5 6 8 1 7 0 2 5 2 0 3 10 5 1 5 3 5 5 1 4 2 9 2 2 9 0 1 3 8 2 5 8 0 7 0 2 5 
12
2 5 0 4 7 3 6 9 8 10 6 2 
36
9 4 2 6 8 4 8 7 1 5 0 8 5 10 9 6 8 9 1 7 0 1 5 2 0 1 9 9 6 5 0 4 2 9 5 9 
21
7 1 9 5 2 6 5 2 9 10 7 8 2 4 4 0 6 8 2 8 1 
17
3 9 3 1 4 2 7 5 6 8 5 3 5 8 2 6 0 
22
0 8 6 5 0 5 0 1 3 3 9 10 4 7 0 2 4 0 0 9 3 2 
15
9 6 1 2 8 4 2 4 3 9 8 8 9 9 6 
5
1 5 7 4 7 
26
10 10 4 7 3 2 6 6 10 2 7 5 8 3 9 1 3 8 10 7 1 4 7 8 4 8 
6
3 0 7 4 7 4 
11
9 4 8 3 0 8 6 4 9 6 8 
17
3 0 0 7 4 1 10 2 10 9 5 6 1 10 1 7 2 
36
5 10 6 7 7 5 6 3 5 2 4 5 8 10 9 10 4 5 4 9 4 0 1 7 4 10 8 8 3 3 0 0 8 5 5 6 
46
6 1 10 0 4 0 8 8 7 8 0 2 6 4 0 10 10 4 3 4 6 7 5 10 6 3 9 5 8 3 10 7 0 7 6 10 1 6 2 4 7 8 1 2 3 6 
10
5 0 5 6 6 5 0 8 10 1 
40
5 6 6 8 6 1 3 4 9 9 10 3 5 3 4 10 5 9 1 8 3 4 0 4 2 4 3 6 2 9 10 2 6 3 9 6 10 10 2 2 
20
0 10 8 9 6 2 1 0 3 9 8 6 5 6 0 1 4 3 2 9 
2
6 1 
38
2 10 9 0 6 3 7 4 2 9 2 1 1 5 7 1 4 3 8 7 3 7 3 8 5 6 10 2 1 0 0 1 7 8 8 10 0 5 
16
8 10 8 6 6 2 9 5 5 2 6 10 10 0 6 9 
40
5 5 2 7 10 7 8 3 5 10 8 0 3 9 3 9 4 2 3 3 6 9 2 7 9 8 6 2 10 5 8 8 5 7 5 8 2 8 5 1 
42
9 4 10 2 3 4 6 3 7 4 4 8 10 10 1 5 3 0 2 10 10 9 2 3 2 8 10 10 9 6 6 9 9 9 4 8 8 0 0 4 7 6 
4
6 9 7 8 
4
8 6 6 4 
9
8 6 6 4 2 3 0 10 4 
33
8 1 2 6 9 4 1 1 0 2 2 6 3 5 2 10 8 0 5 6 6 6 4 9 7 5 5 4 0 1 5 2 2 
32
1 1 1 1 10 4 0 6 7 7 10 2 4 10 6 9 7 8 5 4 8 7 9 0 5 10 8 0 6 2 7 5 
11
1 2 1 5 9 1 1 2 1 10 9 
47
1 4 5 8 10 8 7 8 2 3 0 6 3 8 4 6 8 5 4 10 2 7 5 3 2 4 5 1 7 1 0 8 3 4 6 2 2 8 5 6 7 0 7 5 9 3 10 
25
3 2 10 1 3 4 0 10 1 7 0 8 7 10 0 7 10 6 4 5 8 3 8 3 2 
41
5 6 8 6 4 10 5 0 7 5 9 4 4 3 2 9 0 7 0 9 5 6 1 4 4 5 10 0 5 4 0 4 7 6 1 1 2 7 0 0 7 
16
9 5 2 8 2 9 4 4 2 7 0 9 2 2 3 5 
44
1 4 9 6 3 4 1 6 9 5 10 9 2 4 2 7 6 9 7 3 0 1 1 7 7 7 0 8 8 1 4 2 7 7 8 10 3 3 0 0 6 5 3 7 
40
2 3 7 7 8 4 1 0 10 6 9 0 8 8 6 10 7 2 10 2 0 6 3 8 9 9 3 4 5 5 9 10 10 2 6 0 4 2 6 5 
4
7 0 10 6 
46
10 10 9 9 10 10 4 7 5 0 7 8 4 0 2 7 8 2 1 8 6 8 4 4 6 4 1 3 7 8 3 9 7 3 0 1 3 0 3 6 2 6 4 7 10 10 
5
5 1 7 2 3 
22
4 0 8 3 8 6 1 2 9 5 6 10 5 1 1 4 10 9 6 4 6 0 
29
5 7 2 5 2 9 1 1 5 0 3 3 6 8 5 5 3 6 8 7 7 1 8 4 2 5 0 0 4 
45
1 6 4 8 0 8 0 7 2 1 8 3 4 2 1 7 10 6 5 7 10 5 9 10 10 10 5 1 10 6 10 8 10 6 7 3 1 9 8 8 2 3 4 5 2 
32
8 1 5 3 10 5 5 9 3 3 8 5 6 5 10 5 8 5 7 5 6 0 3 1 7 7 8 8 5 1 4 3 
